Read_and_write,Sex_Male,Sex_Female,Sex_Total,Township,MIMU_code
 Literate,110647,121936,232583,Myitkyina,MMR001001
 Illiterate,5565,10252,15817,Myitkyina,MMR001001
 Total,116212,132188,248400,Myitkyina,MMR001001
 Literate,37429,37275,74704,Waingmaw,MMR001002
 Illiterate,5601,8520,14121,Waingmaw,MMR001002
 Total,43030,45795,88825,Waingmaw,MMR001002
 Literate,507,483,990,Ingyanyan,MMR001003
 Illiterate,104,139,243,Ingyanyan,MMR001003
 Total,611,622,1233,Ingyanyan,MMR001003
 Literate,15258,13684,28942,Tanaing,MMR001004
 Illiterate,1550,2566,4116,Tanaing,MMR001004
 Total,16808,16250,33058,Tanaing,MMR001004
 Literate,3185,2720,5905,Chiphwe,MMR001005
 Illiterate,1512,1910,3422,Chiphwe,MMR001005
 Total,4697,4630,9327,Chiphwe,MMR001005
 Literate,2156,1864,4020,Hsotlaw,MMR001006
 Illiterate,686,833,1519,Hsotlaw,MMR001006
 Total,2842,2697,5539,Hsotlaw,MMR001006
 Literate,4125,3882,8007,Hsinbo(ST),MMR001001
 Illiterate,238,371,609,Hsinbo(ST),MMR001001
 Total,4363,4253,8616,Hsinbo(ST),MMR001001
 Literate,3650,3627,7277,Hsadone(ST),MMR001002
 Illiterate,838,1034,1872,Hsadone(ST),MMR001002
 Total,4488,4661,9149,Hsadone(ST),MMR001002
 Literate,2757,2418,5175,Kanpaikti(ST),MMR001002
 Illiterate,971,1179,2150,Kanpaikti(ST),MMR001002
 Total,3728,3597,7325,Kanpaikti(ST),MMR001002
 Literate,4713,3500,8213,Shinbwayyan(ST),MMR001004
 Illiterate,661,989,1650,Shinbwayyan(ST),MMR001004
 Total,5374,4489,9863,Shinbwayyan(ST),MMR001004
 Literate,2279,1800,4079,Panwa(ST),MMR001005
 Illiterate,1282,1803,3085,Panwa(ST),MMR001005
 Total,3561,3603,7164,Panwa(ST),MMR001005
 Literate,59831,67203,127034,Mohnyin,MMR001007
 Illiterate,2334,4660,6994,Mohnyin,MMR001007
 Total,62165,71863,134028,Mohnyin,MMR001007
 Literate,49668,56475,106143,Mogaung,MMR001008
 Illiterate,2869,5003,7872,Mogaung,MMR001008
 Total,52537,61478,114015,Mogaung,MMR001008
 Literate,69007,57603,126610,Phakant,MMR001009
 Illiterate,3899,4981,8880,Phakant,MMR001009
 Total,72906,62584,135490,Phakant,MMR001009
 Literate,18611,22295,40906,Hopin(ST),MMR001007
 Illiterate,673,1219,1892,Hopin(ST),MMR001007
 Total,19284,23514,42798,Hopin(ST),MMR001007
 Literate,6774,7007,13781,Kamine(ST),MMR001009
 Illiterate,596,858,1454,Kamine(ST),MMR001009
 Total,7370,7865,15235,Kamine(ST),MMR001009
 Literate,48134,52534,100668,Bhamo,MMR001010
 Illiterate,2271,4047,6318,Bhamo,MMR001010
 Total,50405,56581,106986,Bhamo,MMR001010
 Literate,33520,36075,69595,Shwegu,MMR001011
 Illiterate,1082,1630,2712,Shwegu,MMR001011
 Total,34602,37705,72307,Shwegu,MMR001011
 Literate,15367,16118,31485,Momauk,MMR001012
 Illiterate,1755,3010,4765,Momauk,MMR001012
 Total,17122,19128,36250,Momauk,MMR001012
 Literate,20597,20783,41380,Mansi,MMR001013
 Illiterate,2027,2953,4980,Mansi,MMR001013
 Total,22624,23736,46360,Mansi,MMR001013
 Literate,1708,1597,3305,Myohla(ST),MMR001011
 Illiterate,91,112,203,Myohla(ST),MMR001011
 Total,1799,1709,3508,Myohla(ST),MMR001011
 Literate,2696,2849,5545,Lwe`ge`(ST),MMR001012
 Illiterate,703,836,1539,Lwe`ge`(ST),MMR001012
 Total,3399,3685,7084,Lwe`ge`(ST),MMR001012
 Literate,4040,3650,7690,Dotphoneyan(ST),MMR001012
 Illiterate,738,1191,1929,Dotphoneyan(ST),MMR001012
 Total,4778,4841,9619,Dotphoneyan(ST),MMR001012
 Literate,22312,22381,44693,Putao,MMR001014
 Illiterate,2151,3802,5953,Putao,MMR001014
 Total,24463,26183,50646,Putao,MMR001014
 Literate,877,814,1691,Sumprabum,MMR001015
 Illiterate,155,255,410,Sumprabum,MMR001015
 Total,1032,1069,2101,Sumprabum,MMR001015
 Literate,3137,3137,6274,Machanbaw,MMR001016
 Illiterate,335,507,842,Machanbaw,MMR001016
 Total,3472,3644,7116,Machanbaw,MMR001016
 Literate,4665,4458,9123,Khaunglanphoo,MMR001018
 Illiterate,817,937,1754,Khaunglanphoo,MMR001018
 Total,5482,5395,10877,Khaunglanphoo,MMR001018
 Literate,2090,2003,4093,Naungmoon,MMR001017
 Illiterate,167,276,443,Naungmoon,MMR001017
 Total,2257,2279,4536,Naungmoon,MMR001017
 Literate,661,507,1168,Pannandin(ST),MMR001017
 Illiterate,105,185,290,Pannandin(ST),MMR001017
 Total,766,692,1458,Pannandin(ST),MMR001017
 Literate,46726,47876,94602,Loikaw,MMR002001
 Illiterate,5075,9398,14473,Loikaw,MMR002001
 Total,51801,57274,109075,Loikaw,MMR002001
 Literate,28303,27353,55656,Dimawso,MMR002002
 Illiterate,4397,7631,12028,Dimawso,MMR002002
 Total,32700,34984,67684,Dimawso,MMR002002
 Literate,9039,8732,17771,Phruso,MMR002003
 Illiterate,2492,3926,6418,Phruso,MMR002003
 Total,11531,12658,24189,Phruso,MMR002003
 Literate,1641,1494,3135,Shardaw,MMR002004
 Illiterate,1143,1436,2579,Shardaw,MMR002004
 Total,2784,2930,5714,Shardaw,MMR002004
 Literate,2799,2725,5524,Bawlakhe,MMR002005
 Illiterate,266,456,722,Bawlakhe,MMR002005
 Total,3065,3181,6246,Bawlakhe,MMR002005
 Literate,8857,8603,17460,Parsaung,MMR002006
 Illiterate,1167,1182,2349,Parsaung,MMR002006
 Total,10024,9785,19809,Parsaung,MMR002006
 Literate,2281,2149,4430,Meisi,MMR002007
 Illiterate,215,250,465,Meisi,MMR002007
 Total,2496,2399,4895,Meisi,MMR002007
 Literate,836,701,1537,Ywathit(ST),MMR002005
 Illiterate,124,209,333,Ywathit(ST),MMR002005
 Total,960,910,1870,Ywathit(ST),MMR002005
 Literate,142100,150610,292710,Hpa-an,MMR003001
 Illiterate,26143,40695,66838,Hpa-an,MMR003001
 Total,168243,191305,359548,Hpa-an,MMR003001
 Literate,44789,47007,91796,Hlaingbwe,MMR003002
 Illiterate,17923,22715,40638,Hlaingbwe,MMR003002
 Total,62712,69722,132434,Hlaingbwe,MMR003002
 Literate,12120,12327,24447,Thandaunggyi,MMR003004
 Illiterate,726,783,1509,Thandaunggyi,MMR003004
 Total,12846,13110,25956,Thandaunggyi,MMR003004
 Literate,19475,19528,39003,Paingkyon(ST),MMR003002
 Illiterate,16335,20448,36783,Paingkyon(ST),MMR003002
 Total,35810,39976,75786,Paingkyon(ST),MMR003002
 Literate,2435,2630,5065,Shan Ywathit(ST),MMR003002
 Illiterate,6402,6449,12851,Shan Ywathit(ST),MMR003002
 Total,8837,9079,17916,Shan Ywathit(ST),MMR003002
 Literate,17934,17139,35073,Leiktho(ST),MMR003004
 Illiterate,2622,2996,5618,Leiktho(ST),MMR003004
 Total,20556,20135,40691,Leiktho(ST),MMR003004
 Literate,6872,7143,14015,Bawgali(ST),MMR003004
 Illiterate,539,546,1085,Bawgali(ST),MMR003004
 Total,7411,7689,15100,Bawgali(ST),MMR003004
 Literate,5047,4992,10039,Pharpon,MMR003003
 Illiterate,588,774,1362,Pharpon,MMR003003
 Total,5635,5766,11401,Pharpon,MMR003003
 Literate,6821,7171,13992,Kamamaung(ST},MMR003003
 Illiterate,1374,1957,3331,Kamamaung(ST},MMR003003
 Total,8195,9128,17323,Kamamaung(ST},MMR003003
 Literate,70091,68847,138938,Myawady,MMR003005
 Illiterate,11272,14278,25550,Myawady,MMR003005
 Total,81363,83125,164488,Myawady,MMR003005
 Literate,1448,1198,2646,Sugali(ST),MMR003005
 Illiterate,1013,1102,2115,Sugali(ST),MMR003005
 Total,2461,2300,4761,Sugali(ST),MMR003005
 Literate,2565,2280,4845,Wawlaymyaing(ST),MMR003005
 Illiterate,1448,1408,2856,Wawlaymyaing(ST),MMR003005
 Total,4013,3688,7701,Wawlaymyaing(ST),MMR003005
 Literate,70447,74111,144558,Kawkareik,MMR003006
 Illiterate,17325,27250,44575,Kawkareik,MMR003006
 Total,87772,101361,189133,Kawkareik,MMR003006
 Literate,33285,34969,68254,Kyarinseikkyi,MMR003007
 Illiterate,9995,13204,23199,Kyarinseikkyi,MMR003007
 Total,43280,48173,91453,Kyarinseikkyi,MMR003007
 Literate,27970,29541,57511,Payarthonezu(ST),MMR003007
 Illiterate,8846,10047,18893,Payarthonezu(ST),MMR003007
 Total,36816,39588,76404,Payarthonezu(ST),MMR003007
 Literate,13179,11603,24782,Kyaidon(ST),MMR003007
 Illiterate,10849,12926,23775,Kyaidon(ST),MMR003007
 Total,24028,24529,48557,Kyaidon(ST),MMR003007
 Literate,16692,18917,35609,HaKa,MMR004002
 Illiterate,1999,3277,5276,HaKa,MMR004002
 Total,18691,22194,40885,HaKa,MMR004002
 Literate,17660,18052,35712,Thantlang,MMR004003
 Illiterate,2888,4293,7181,Thantlang,MMR004003
 Total,20548,22345,42893,Thantlang,MMR004003
 Literate,15620,15383,31003,Falam,MMR004001
 Illiterate,1310,2519,3829,Falam,MMR004001
 Total,16930,17902,34832,Falam,MMR004001
 Literate,32077,32386,64463,Tedim,MMR004004
 Illiterate,3367,6996,10363,Tedim,MMR004004
 Total,35444,39382,74826,Tedim,MMR004004
 Literate,7282,7307,14589,Tonzaung,MMR004005
 Illiterate,857,1521,2378,Tonzaung,MMR004005
 Total,8139,8828,16967,Tonzaung,MMR004005
 Literate,2634,2565,5199,Rihkhuadal(ST),MMR004001
 Illiterate,168,336,504,Rihkhuadal(ST),MMR004001
 Total,2802,2901,5703,Rihkhuadal(ST),MMR004001
 Literate,4370,3863,8233,Cikha(ST),MMR004005
 Illiterate,381,936,1317,Cikha(ST),MMR004005
 Total,4751,4799,9550,Cikha(ST),MMR004005
 Literate,13052,12627,25679,Mindat,MMR004006
 Illiterate,2714,6706,9420,Mindat,MMR004006
 Total,15766,19333,35099,Mindat,MMR004006
 Literate,13093,12905,25998,Matupi,MMR004007
 Illiterate,2380,4854,7234,Matupi,MMR004007
 Total,15473,17759,33232,Matupi,MMR004007
 Literate,6800,6152,12952,Kanpalet,MMR004008
 Illiterate,1166,3154,4320,Kanpalet,MMR004008
 Total,7966,9306,17272,Kanpalet,MMR004008
 Literate,20174,17361,37535,Paletwat,MMR004009
 Illiterate,5955,12178,18133,Paletwat,MMR004009
 Total,26129,29539,55668,Paletwat,MMR004009
 Literate,3835,4430,8265,Reazu(ST),MMR004007
 Illiterate,707,1520,2227,Reazu(ST),MMR004007
 Total,4542,5950,10492,Reazu(ST),MMR004007
 Literate,10206,8169,18375,Sami(ST),MMR004009
 Illiterate,2175,5453,7628,Sami(ST),MMR004009
 Total,12381,13622,26003,Sami(ST),MMR004009
 Literate,113144,135942,249086,Sagaing,MMR005001
 Illiterate,3079,6914,9993,Sagaing,MMR005001
 Total,116223,142856,259079,Sagaing,MMR005001
 Literate,41943,50319,92262,Myinmu,MMR005002
 Illiterate,1479,3551,5030,Myinmu,MMR005002
 Total,43422,53870,97292,Myinmu,MMR005002
 Literate,40403,50772,91175,Myaung,MMR005003
 Illiterate,1177,2482,3659,Myaung,MMR005003
 Total,41580,53254,94834,Myaung,MMR005003
 Literate,90643,108460,199103,Shwebo,MMR005004
 Illiterate,3438,7571,11009,Shwebo,MMR005004
 Total,94081,116031,210112,Shwebo,MMR005004
 Literate,57987,67678,125665,Khin U,MMR005005
 Illiterate,1850,4327,6177,Khin U,MMR005005
 Total,59837,72005,131842,Khin U,MMR005005
 Literate,77066,90682,167748,Wetlet,MMR005006
 Illiterate,2653,7730,10383,Wetlet,MMR005006
 Total,79719,98412,178131,Wetlet,MMR005006
 Literate,118461,132696,251157,Kambalu,MMR005007
 Illiterate,3930,8706,12636,Kambalu,MMR005007
 Total,122391,141402,263793,Kambalu,MMR005007
 Literate,42569,43565,86134,Kyunhlau,MMR005008
 Illiterate,1338,3711,5049,Kyunhlau,MMR005008
 Total,43907,47276,91183,Kyunhlau,MMR005008
 Literate,41552,56928,98480,Ye U,MMR005009
 Illiterate,1259,3377,4636,Ye U,MMR005009
 Total,42811,60305,103116,Ye U,MMR005009
 Literate,53051,60889,113940,Depayin,MMR005010
 Illiterate,2588,8654,11242,Depayin,MMR005010
 Total,55639,69543,125182,Depayin,MMR005010
 Literate,60800,79402,140202,Tasei,MMR005011
 Illiterate,1743,5055,6798,Tasei,MMR005011
 Total,62543,84457,147000,Tasei,MMR005011
 Literate,12326,13819,26145,Kyaukmyaung(ST),MMR005004
 Illiterate,618,1387,2005,Kyaukmyaung(ST),MMR005004
 Total,12944,15206,28150,Kyaukmyaung(ST),MMR005004
 Literate,138887,164945,303832,Monywa,MMR005012
 Illiterate,5366,14138,19504,Monywa,MMR005012
 Total,144253,179083,323336,Monywa,MMR005012
 Literate,45708,57367,103075,Butalin,MMR005013
 Illiterate,1598,4822,6420,Butalin,MMR005013
 Total,47306,62189,109495,Butalin,MMR005013
 Literate,59029,69055,128084,Ayartaw,MMR005014
 Illiterate,2962,9556,12518,Ayartaw,MMR005014
 Total,61991,78611,140602,Ayartaw,MMR005014
 Literate,40244,48720,88964,Chaung Oo,MMR005015
 Illiterate,1613,3333,4946,Chaung Oo,MMR005015
 Total,41857,52053,93910,Chaung Oo,MMR005015
 Literate,66575,71595,138170,Katha,MMR005020
 Illiterate,1985,3737,5722,Katha,MMR005020
 Total,68560,75332,143892,Katha,MMR005020
 Literate,47018,53429,100447,Indaw,MMR005021
 Illiterate,1372,3190,4562,Indaw,MMR005021
 Total,48390,56619,105009,Indaw,MMR005021
 Literate,51573,55516,107089,Tigyaing,MMR005022
 Illiterate,1562,2798,4360,Tigyaing,MMR005022
 Total,53135,58314,111449,Tigyaing,MMR005022
 Literate,39805,39648,79453,Banmauk,MMR005023
 Illiterate,2180,7556,9736,Banmauk,MMR005023
 Total,41985,47204,89189,Banmauk,MMR005023
 Literate,58327,64671,122998,Kawlin,MMR005024
 Illiterate,1444,3660,5104,Kawlin,MMR005024
 Total,59771,68331,128102,Kawlin,MMR005024
 Literate,28224,31371,59595,Wuntho,MMR005025
 Illiterate,866,1813,2679,Wuntho,MMR005025
 Total,29090,33184,62274,Wuntho,MMR005025
 Literate,42498,48623,91121,Pinlebu,MMR005026
 Illiterate,1628,4608,6236,Pinlebu,MMR005026
 Total,44126,53231,97357,Pinlebu,MMR005026
 Literate,138002,150097,288099,Kalay,MMR014005
 Illiterate,6411,11504,17915,Kalay,MMR014005
 Total,144413,161601,306014,Kalay,MMR014005
 Literate,23364,25309,48673,Kalewa,MMR005028
 Illiterate,506,570,1076,Kalewa,MMR005028
 Total,23870,25879,49749,Kalewa,MMR005028
 Literate,42077,46374,88451,Mingin,MMR005029
 Illiterate,1265,2509,3774,Mingin,MMR005029
 Total,43342,48883,92225,Mingin,MMR005029
 Literate,24153,25188,49341,Tamu,MMR005030
 Illiterate,869,1564,2433,Tamu,MMR005030
 Total,25022,26752,51774,Tamu,MMR005030
 Literate,6674,6212,12886,Myothit(ST),MMR005030
 Illiterate,345,684,1029,Myothit(ST),MMR005030
 Total,7019,6896,13915,Myothit(ST),MMR005030
 Literate,14925,14908,29833,Khampat(ST),MMR005030
 Illiterate,1141,1946,3087,Khampat(ST),MMR005030
 Total,16066,16854,32920,Khampat(ST),MMR005030
 Literate,20615,22774,43389,Mawlaik,MMR005031
 Illiterate,538,777,1315,Mawlaik,MMR005031
 Total,21153,23551,44704,Mawlaik,MMR005031
 Literate,43373,49013,92386,Phaungpyin,MMR005032
 Illiterate,1723,2849,4572,Phaungpyin,MMR005032
 Total,45096,51862,96958,Phaungpyin,MMR005032
 Literate,13674,12802,26476,Hkamti,MMR005033
 Illiterate,2412,3677,6089,Hkamti,MMR005033
 Total,16086,16479,32565,Hkamti,MMR005033
 Literate,76774,81765,158539,Homalin,MMR005034
 Illiterate,3795,9623,13418,Homalin,MMR005034
 Total,80569,91388,171957,Homalin,MMR005034
 Literate,2595,2383,4978,Leshi,MMR005035
 Illiterate,690,1359,2049,Leshi,MMR005035
 Total,3285,3742,7027,Leshi,MMR005035
 Literate,5494,4031,9525,Lahe,MMR005036
 Illiterate,12702,14822,27524,Lahe,MMR005036
 Total,18196,18853,37049,Lahe,MMR005036
 Literate,2769,2259,5028,Nanyun,MMR005037
 Illiterate,1147,1556,2703,Nanyun,MMR005037
 Total,3916,3815,7731,Nanyun,MMR005037
 Literate,526,474,1000,Mobaingluk(ST),MMR005035
 Illiterate,37,115,152,Mobaingluk(ST),MMR005035
 Total,563,589,1152,Mobaingluk(ST),MMR005035
 Literate,1746,1573,3319,Sonemara(ST),MMR005035
 Illiterate,389,1068,1457,Sonemara(ST),MMR005035
 Total,2135,2641,4776,Sonemara(ST),MMR005035
 Literate,1171,1070,2241,Htanparkway(ST),MMR005036
 Illiterate,1039,1049,2088,Htanparkway(ST),MMR005036
 Total,2210,2119,4329,Htanparkway(ST),MMR005036
 Literate,4636,3538,8174,Pansaung(ST),MMR005037
 Illiterate,2316,3097,5413,Pansaung(ST),MMR005037
 Total,6952,6635,13587,Pansaung(ST),MMR005037
 Literate,3921,2630,6551,Donhee(ST),MMR005037
 Illiterate,6589,8380,14969,Donhee(ST),MMR005037
 Total,10510,11010,21520,Donhee(ST),MMR005037
 Literate,57115,63514,120629,Yinmarpin,MMR005016
 Illiterate,1703,6003,7706,Yinmarpin,MMR005016
 Total,58818,69517,128335,Yinmarpin,MMR005016
 Literate,45486,55627,101113,Salingyi,MMR005018
 Illiterate,1857,4931,6788,Salingyi,MMR005018
 Total,47343,60558,107901,Salingyi,MMR005018
 Literate,54386,59815,114201,Palae,MMR005019
 Illiterate,3540,10344,13884,Palae,MMR005019
 Total,57926,70159,128085,Palae,MMR005019
 Literate,52054,60373,112427,Kani,MMR005017
 Illiterate,2305,5186,7491,Kani,MMR005017
 Total,54359,65559,119918,Kani,MMR005017
 Literate,45539,53340,98879,Dawei,MMR006001
 Illiterate,2731,4127,6858,Dawei,MMR006001
 Total,48270,57467,105737,Dawei,MMR006001
 Literate,43861,50323,94184,Lounglon,MMR006002
 Illiterate,3326,5989,9315,Lounglon,MMR006002
 Total,47187,56312,103499,Lounglon,MMR006002
 Literate,40459,46182,86641,Thayetchaung,MMR006003
 Illiterate,2615,3637,6252,Thayetchaung,MMR006003
 Total,43074,49819,92893,Thayetchaung,MMR006003
 Literate,36402,36353,72755,Yebyu,MMR006004
 Illiterate,4720,8135,12855,Yebyu,MMR006004
 Total,41122,44488,85610,Yebyu,MMR006004
 Literate,7456,7901,15357,Myitta(ST),MMR006001
 Illiterate,1077,1279,2356,Myitta(ST),MMR006001
 Total,8533,9180,17713,Myitta(ST),MMR006001
 Literate,7369,6951,14320,Kaleinaung(ST),MMR006004
 Illiterate,1360,1900,3260,Kaleinaung(ST),MMR006004
 Total,8729,8851,17580,Kaleinaung(ST),MMR006004
 Literate,111600,121222,232822,Myeik,MMR006005
 Illiterate,5660,7843,13503,Myeik,MMR006005
 Total,117260,129065,246325,Myeik,MMR006005
 Literate,66201,63430,129631,Kyunsu,MMR006006
 Illiterate,8086,9335,17421,Kyunsu,MMR006006
 Total,74287,72765,147052,Kyunsu,MMR006006
 Literate,36382,39777,76159,Palaw,MMR006007
 Illiterate,2890,3249,6139,Palaw,MMR006007
 Total,39272,43026,82298,Palaw,MMR006007
 Literate,40392,40122,80514,Tanintharyi,MMR006008
 Illiterate,4755,5020,9775,Tanintharyi,MMR006008
 Total,45147,45142,90289,Tanintharyi,MMR006008
 Literate,13542,14434,27976,Palauk(ST),MMR006007
 Illiterate,1746,1831,3577,Palauk(ST),MMR006007
 Total,15288,16265,31553,Palauk(ST),MMR006007
 Literate,46560,46585,93145,Kawthoung,MMR006009
 Illiterate,3162,4321,7483,Kawthoung,MMR006009
 Total,49722,50906,100628,Kawthoung,MMR006009
 Literate,17103,15999,33102,Bokepyin,MMR006010
 Illiterate,2105,2509,4614,Bokepyin,MMR006010
 Total,19208,18508,37716,Bokepyin,MMR006010
 Literate,8669,7689,16358,Khamaukgyi,MMR006009
 Illiterate,903,1153,2056,Khamaukgyi,MMR006009
 Total,9572,8842,18414,Khamaukgyi,MMR006009
 Literate,6013,5489,11502,Pyigyimandaing,MMR006010
 Illiterate,826,1007,1833,Pyigyimandaing,MMR006010
 Total,6839,6496,13335,Pyigyimandaing,MMR006010
 Literate,7377,6654,14031,Karathuri(ST),MMR006010
 Illiterate,473,601,1074,Karathuri(ST),MMR006010
 Total,7850,7255,15105,Karathuri(ST),MMR006010
 Literate,184170,206615,390785,Bago,MMR007001
 Illiterate,11805,22557,34362,Bago,MMR007001
 Total,195975,229172,425147,Bago,MMR007001
 Literate,55743,60875,116618,Tanatpin,MMR007002
 Illiterate,3658,7568,11226,Tanatpin,MMR007002
 Total,59401,68443,127844,Tanatpin,MMR007002
 Literate,77813,86409,164222,Kawa,MMR007003
 Illiterate,4172,7470,11642,Kawa,MMR007003
 Total,81985,93879,175864,Kawa,MMR007003
 Literate,66780,74276,141056,Waw,MMR007004
 Illiterate,3661,7981,11642,Waw,MMR007004
 Total,70441,82257,152698,Waw,MMR007004
 Literate,78484,89154,167638,Nyaunglebin,MMR007005
 Illiterate,3360,6077,9437,Nyaunglebin,MMR007005
 Total,81844,95231,177075,Nyaunglebin,MMR007005
 Literate,97105,103753,200858,Kyauktaga,MMR007006
 Illiterate,7638,14399,22037,Kyauktaga,MMR007006
 Total,104743,118152,222895,Kyauktaga,MMR007006
 Literate,78761,86673,165434,Daik U,MMR007007
 Illiterate,4228,9035,13263,Daik U,MMR007007
 Total,82989,95708,178697,Daik U,MMR007007
 Literate,41412,43379,84791,Shwegyin,MMR007008
 Illiterate,3051,4484,7535,Shwegyin,MMR007008
 Total,44463,47863,92326,Shwegyin,MMR007008
 Literate,98277,110445,208722,Toungoo,MMR007009
 Illiterate,5490,10522,16012,Toungoo,MMR007009
 Total,103767,120967,224734,Toungoo,MMR007009
 Literate,83278,88398,171676,Yaedashe,MMR007010
 Illiterate,4641,10238,14879,Yaedashe,MMR007010
 Total,87919,98636,186555,Yaedashe,MMR007010
 Literate,41697,46508,88205,Kyaukkyi,MMR007011
 Illiterate,4653,6162,10815,Kyaukkyi,MMR007011
 Total,46350,52670,99020,Kyaukkyi,MMR007011
 Literate,98104,107767,205871,Pyu,MMR007012
 Illiterate,6826,14795,21621,Pyu,MMR007012
 Total,104930,122562,227492,Pyu,MMR007012
 Literate,60886,67144,128030,Oatwin,MMR007013
 Illiterate,4226,9294,13520,Oatwin,MMR007013
 Total,65112,76438,141550,Oatwin,MMR007013
 Literate,44927,50346,95273,Htantapin,MMR007014
 Illiterate,3059,5498,8557,Htantapin,MMR007014
 Total,47986,55844,103830,Htantapin,MMR007014
 Literate,97965,112513,210478,Pyay,MMR008001
 Illiterate,3369,6476,9845,Pyay,MMR008001
 Total,101334,118989,220323,Pyay,MMR008001
 Literate,52049,53226,105275,Paukkhaung,MMR008002
 Illiterate,2812,5640,8452,Paukkhaung,MMR008002
 Total,54861,58866,113727,Paukkhaung,MMR008002
 Literate,58850,64222,123072,Padaung,MMR008003
 Illiterate,2779,5104,7883,Padaung,MMR008003
 Total,61629,69326,130955,Padaung,MMR008003
 Literate,56629,60926,117555,Paunde,MMR008004
 Illiterate,2758,4931,7689,Paunde,MMR008004
 Total,59387,65857,125244,Paunde,MMR008004
 Literate,54818,62604,117422,Thegon,MMR008005
 Illiterate,1390,2459,3849,Thegon,MMR008005
 Total,56208,65063,121271,Thegon,MMR008005
 Literate,48903,57728,106631,Shwedaung,MMR008006
 Illiterate,1485,2768,4253,Shwedaung,MMR008006
 Total,50388,60496,110884,Shwedaung,MMR008006
 Literate,59816,66081,125897,Tharyarwaddy,MMR008007
 Illiterate,3169,5312,8481,Tharyarwaddy,MMR008007
 Total,62985,71393,134378,Tharyarwaddy,MMR008007
 Literate,70634,78404,149038,Letpadan,MMR008008
 Illiterate,3571,6378,9949,Letpadan,MMR008008
 Total,74205,84782,158987,Letpadan,MMR008008
 Literate,50384,55862,106246,Minhla,MMR009013
 Illiterate,1733,2741,4474,Minhla,MMR009013
 Total,52117,58603,110720,Minhla,MMR009013
 Literate,51703,56861,108564,Okpo,MMR008010
 Illiterate,2413,3695,6108,Okpo,MMR008010
 Total,54116,60556,114672,Okpo,MMR008010
 Literate,28129,31265,59394,Zigon,MMR008011
 Illiterate,966,1602,2568,Zigon,MMR008011
 Total,29095,32867,61962,Zigon,MMR008011
 Literate,72127,80151,152278,Nattalin,MMR008012
 Illiterate,2468,3701,6169,Nattalin,MMR008012
 Total,74595,83852,158447,Nattalin,MMR008012
 Literate,52221,58336,110557,Monyo,MMR008013
 Illiterate,1986,3297,5283,Monyo,MMR008013
 Total,54207,61633,115840,Monyo,MMR008013
 Literate,48967,55127,104094,Gyobingauk,MMR008014
 Illiterate,1457,2252,3709,Gyobingauk,MMR008014
 Total,50424,57379,107803,Gyobingauk,MMR008014
 Literate,108258,123246,231504,Magway,MMR009001
 Illiterate,5178,14123,19301,Magway,MMR009001
 Total,113436,137369,250805,Magway,MMR009001
 Literate,49369,59661,109030,Yenangyoung,MMR009002
 Illiterate,2464,7731,10195,Yenangyoung,MMR009002
 Total,51833,67392,119225,Yenangyoung,MMR009002
 Literate,69342,84353,153695,Chauk,MMR009003
 Illiterate,3128,10172,13300,Chauk,MMR009003
 Total,72470,94525,166995,Chauk,MMR009003
 Literate,101939,112784,214723,Taungdwingyi,MMR009004
 Illiterate,5125,12302,17427,Taungdwingyi,MMR009004
 Total,107064,125086,232150,Taungdwingyi,MMR009004
 Literate,60437,64714,125151,Myothit,MMR009005
 Illiterate,3871,12925,16796,Myothit,MMR009005
 Total,64308,77639,141947,Myothit,MMR009005
 Literate,76031,87431,163462,Natmauk,MMR009006
 Illiterate,3993,17130,21123,Natmauk,MMR009006
 Total,80024,104561,184585,Natmauk,MMR009006
 Literate,69341,78169,147510,Minbu,MMR009007
 Illiterate,3211,7860,11071,Minbu,MMR009007
 Total,72552,86029,158581,Minbu,MMR009007
 Literate,63764,70889,134653,Pwint Phyu,MMR009008
 Illiterate,3292,8256,11548,Pwint Phyu,MMR009008
 Total,67056,79145,146201,Pwint Phyu,MMR009008
 Literate,19752,21590,41342,Ngape,MMR009009
 Illiterate,1289,2519,3808,Ngape,MMR009009
 Total,21041,24109,45150,Ngape,MMR009009
 Literate,92421,109697,202118,Salin,MMR009010
 Illiterate,3297,7675,10972,Salin,MMR009010
 Total,95718,117372,213090,Salin,MMR009010
 Literate,18863,20151,39014,Saytottara,MMR009011
 Illiterate,661,1506,2167,Saytottara,MMR009011
 Total,19524,21657,41181,Saytottara,MMR009011
 Literate,40563,45367,85930,Thayet,MMR009012
 Illiterate,1714,4955,6669,Thayet,MMR009012
 Total,42277,50322,92599,Thayet,MMR009012
 Literate,51371,53897,105268,Minhla,MMR009013
 Illiterate,2376,5942,8318,Minhla,MMR009013
 Total,53747,59839,113586,Minhla,MMR009013
 Literate,23645,25215,48860,Mindon,MMR009014
 Illiterate,1430,3997,5427,Mindon,MMR009014
 Total,25075,29212,54287,Mindon,MMR009014
 Literate,30495,33680,64175,Kamma,MMR009015
 Illiterate,1578,2758,4336,Kamma,MMR009015
 Total,32073,36438,68511,Kamma,MMR009015
 Literate,93755,102763,196518,Aunglan,MMR009016
 Illiterate,4631,10761,15392,Aunglan,MMR009016
 Total,98386,113524,211910,Aunglan,MMR009016
 Literate,47043,52533,99576,Sinpaungwe`,MMR009017
 Illiterate,1689,3987,5676,Sinpaungwe`,MMR009017
 Total,48732,56520,105252,Sinpaungwe`,MMR009017
 Literate,105827,128593,234420,Pakokku,MMR009018
 Illiterate,6179,16573,22752,Pakokku,MMR009018
 Total,112006,145166,257172,Pakokku,MMR009018
 Literate,78620,100908,179528,Yesagyo,MMR009019
 Illiterate,3498,10151,13649,Yesagyo,MMR009019
 Total,82118,111059,193177,Yesagyo,MMR009019
 Literate,82312,95995,178307,Myaing,MMR009020
 Illiterate,5546,17939,23485,Myaing,MMR009020
 Total,87858,113934,201792,Myaing,MMR009020
 Literate,63822,73240,137062,Pauk,MMR009021
 Illiterate,4381,10317,14698,Pauk,MMR009021
 Total,68203,83557,151760,Pauk,MMR009021
 Literate,37640,44119,81759,Seikphyu,MMR009022
 Illiterate,2525,5513,8038,Seikphyu,MMR009022
 Total,40165,49632,89797,Seikphyu,MMR009022
 Literate,52659,59905,112564,Gangaw,MMR009023
 Illiterate,1960,3630,5590,Gangaw,MMR009023
 Total,54619,63535,118154,Gangaw,MMR009023
 Literate,19773,22942,42715,Htilin,MMR009024
 Illiterate,541,1143,1684,Htilin,MMR009024
 Total,20314,24085,44399,Htilin,MMR009024
 Literate,13999,15370,29369,Saw,MMR009025
 Illiterate,669,1516,2185,Saw,MMR009025
 Total,14668,16886,31554,Saw,MMR009025
 Literate,13236,15217,28453,Kyaukhtu(ST),MMR009025
 Illiterate,482,1168,1650,Kyaukhtu(ST),MMR009025
 Total,13718,16385,30103,Kyaukhtu(ST),MMR009025
 Literate,101132,115053,216185,Aungmyetharzan,MMR010001
 Illiterate,2720,6074,8794,Aungmyetharzan,MMR010001
 Total,103852,121127,224979,Aungmyetharzan,MMR010001
 Literate,65984,80528,146512,Chanayeharzan,MMR010002
 Illiterate,1286,2973,4259,Chanayeharzan,MMR010002
 Total,67270,83501,150771,Chanayeharzan,MMR010002
 Literate,91127,103471,194598,Mahaaungmye,MMR010003
 Illiterate,2661,5540,8201,Mahaaungmye,MMR010003
 Total,93788,109011,202799,Mahaaungmye,MMR010003
 Literate,111736,123540,235276,Chanmyatharzi,MMR010004
 Illiterate,3593,7666,11259,Chanmyatharzi,MMR010004
 Total,115329,131206,246535,Chanmyatharzi,MMR010004
 Literate,94617,96625,191242,Pyigyidagun,MMR010005
 Illiterate,2958,5819,8777,Pyigyidagun,MMR010005
 Total,97575,102444,200019,Pyigyidagun,MMR010005
 Literate,91262,102773,194035,Amarapura,MMR010006
 Illiterate,3629,7470,11099,Amarapura,MMR010006
 Total,94891,110243,205134,Amarapura,MMR010006
 Literate,100062,105739,205801,Patheingyi,MMR010007
 Illiterate,5566,11758,17324,Patheingyi,MMR010007
 Total,105628,117497,223125,Patheingyi,MMR010007
 Literate,97576,101672,199248,Pyin Oo Lwin,MMR010008
 Illiterate,3549,7376,10925,Pyin Oo Lwin,MMR010008
 Total,101125,109048,210173,Pyin Oo Lwin,MMR010008
 Literate,100939,111256,212195,Madaya,MMR010009
 Illiterate,5047,11234,16281,Madaya,MMR010009
 Total,105986,122490,228476,Madaya,MMR010009
 Literate,63593,69107,132700,Sinku,MMR010010
 Illiterate,2390,3963,6353,Sinku,MMR010010
 Total,65983,73070,139053,Sinku,MMR010010
 Literate,62831,64873,127704,Mogok,MMR010011
 Illiterate,5928,9441,15369,Mogok,MMR010011
 Total,68759,74314,143073,Mogok,MMR010011
 Literate,48572,48052,96624,Thabeikkyin,MMR010012
 Illiterate,2710,5048,7758,Thabeikkyin,MMR010012
 Total,51282,53100,104382,Thabeikkyin,MMR010012
 Literate,13740,14089,27829,Tagaung,MMR010012
 Illiterate,754,1435,2189,Tagaung,MMR010012
 Total,14494,15524,30018,Tagaung,MMR010012
 Literate,103252,114247,217499,Kyaukse,MMR010013
 Illiterate,3337,5564,8901,Kyaukse,MMR010013
 Total,106589,119811,226400,Kyaukse,MMR010013
 Literate,57702,65723,123425,Singaing,MMR010014
 Illiterate,2140,4176,6316,Singaing,MMR010014
 Total,59842,69899,129741,Singaing,MMR010014
 Literate,77732,85134,162866,Myitthar,MMR010015
 Illiterate,3614,9165,12779,Myitthar,MMR010015
 Total,81346,94299,175645,Myitthar,MMR010015
 Literate,53983,62565,116548,Tada U,MMR010016
 Illiterate,1971,5330,7301,Tada U,MMR010016
 Total,55954,67895,123849,Tada U,MMR010016
 Literate,102502,126932,229434,Myingyan,MMR010017
 Illiterate,4969,13494,18463,Myingyan,MMR010017
 Total,107471,140426,247897,Myingyan,MMR010017
 Literate,82175,100304,182479,Taungtha,MMR010018
 Illiterate,3645,9954,13599,Taungtha,MMR010018
 Total,85820,110258,196078,Taungtha,MMR010018
 Literate,69121,82811,151932,Natogyi,MMR010019
 Illiterate,2385,6107,8492,Natogyi,MMR010019
 Total,71506,88918,160424,Natogyi,MMR010019
 Literate,96704,116314,213018,Kyaukpadaung,MMR010020
 Illiterate,4495,17023,21518,Kyaukpadaung,MMR010020
 Total,101199,133337,234536,Kyaukpadaung,MMR010020
 Literate,47409,57136,104545,Ngazun,MMR010021
 Illiterate,2175,5185,7360,Ngazun,MMR010021
 Total,49584,62321,111905,Ngazun,MMR010021
 Literate,74604,84910,159514,Nyaung U,MMR010022
 Illiterate,4323,12252,16575,Nyaung U,MMR010022
 Total,78927,97162,176089,Nyaung U,MMR010022
 Literate,93968,99575,193543,Yame`thin,MMR010023
 Illiterate,5553,18863,24416,Yame`thin,MMR010023
 Total,99521,118438,217959,Yame`thin,MMR010023
 Literate,98728,109911,208639,Pyawbwe,MMR010024
 Illiterate,4869,19229,24098,Pyawbwe,MMR010024
 Total,103597,129140,232737,Pyawbwe,MMR010024
 Literate,112033,131473,243506,Meiktila,MMR010028
 Illiterate,4853,18194,23047,Meiktila,MMR010028
 Total,116886,149667,266553,Meiktila,MMR010028
 Literate,76560,85525,162085,Thazi,MMR010030
 Illiterate,3769,10751,14520,Thazi,MMR010030
 Total,80329,96276,176605,Thazi,MMR010030
 Literate,88930,99469,188399,Wundwin,MMR010031
 Illiterate,5105,14460,19565,Wundwin,MMR010031
 Total,94035,113929,207964,Wundwin,MMR010031
 Literate,108535,126057,234592,Mawlamyine,MMR011001
 Illiterate,4687,8515,13202,Mawlamyine,MMR011001
 Total,113222,134572,247794,Mawlamyine,MMR011001
 Literate,60425,66382,126807,Kyaikemaraw,MMR011002
 Illiterate,14265,22350,36615,Kyaikemaraw,MMR011002
 Total,74690,88732,163422,Kyaikemaraw,MMR011002
 Literate,43542,54305,97847,Chaungzon,MMR011003
 Illiterate,4664,6766,11430,Chaungzon,MMR011003
 Total,48206,61071,109277,Chaungzon,MMR011003
 Literate,60147,66988,127135,Thanbyuzayat,MMR011004
 Illiterate,8265,12051,20316,Thanbyuzayat,MMR011004
 Total,68412,79039,147451,Thanbyuzayat,MMR011004
 Literate,68528,80883,149411,Mudon,MMR011005
 Illiterate,5975,8230,14205,Mudon,MMR011005
 Total,74503,89113,163616,Mudon,MMR011005
 Literate,55694,56220,111914,Ye,MMR011006
 Illiterate,7563,11860,19423,Ye,MMR011006
 Total,63257,68080,131337,Ye,MMR011006
 Literate,27665,30832,58497,Lamine,MMR011006
 Illiterate,7024,10956,17980,Lamine,MMR011006
 Total,34689,41788,76477,Lamine,MMR011006
 Literate,6798,6863,13661,Khawzar,MMR011006
 Illiterate,2309,3362,5671,Khawzar,MMR011006
 Total,9107,10225,19332,Khawzar,MMR011006
 Literate,84570,90778,175348,Thaton,MMR011007
 Illiterate,11870,17251,29121,Thaton,MMR011007
 Total,96440,108029,204469,Thaton,MMR011007
 Literate,76150,82526,158676,Paung,MMR011008
 Illiterate,12877,18906,31783,Paung,MMR011008
 Total,89027,101432,190459,Paung,MMR011008
 Literate,65592,71327,136919,Kyaikto,MMR011009
 Illiterate,4632,7903,12535,Kyaikto,MMR011009
 Total,70224,79230,149454,Kyaikto,MMR011009
 Literate,64372,69631,134003,Bilin,MMR011010
 Illiterate,8614,13279,21893,Bilin,MMR011010
 Total,72986,82910,155896,Bilin,MMR011010
 Literate,53418,60263,113681,Sittway,MMR012001
 Illiterate,4724,10640,15364,Sittway,MMR012001
 Total,58142,70903,129045,Sittway,MMR012001
 Literate,48094,51190,99284,Ponnagyun,MMR012002
 Illiterate,4350,12789,17139,Ponnagyun,MMR012002
 Total,52444,63979,116423,Ponnagyun,MMR012002
 Literate,54456,56751,111207,Pauktaw,MMR012007
 Illiterate,5430,14640,20070,Pauktaw,MMR012007
 Total,59886,71391,131277,Pauktaw,MMR012007
 Literate,39638,45353,84991,Yethedaung,MMR012008
 Illiterate,4160,11939,16099,Yethedaung,MMR012008
 Total,43798,57292,101090,Yethedaung,MMR012008
 Literate,69759,76614,146373,Myauk U,MMR012003
 Illiterate,7139,17051,24190,Myauk U,MMR012003
 Total,76898,93665,170563,Myauk U,MMR012003
 Literate,61944,70435,132379,Kyauktaw,MMR012004
 Illiterate,6354,16759,23113,Kyauktaw,MMR012004
 Total,68298,87194,155492,Kyauktaw,MMR012004
 Literate,60205,63617,123822,Minbya,MMR012005
 Illiterate,8117,18788,26905,Minbya,MMR012005
 Total,68322,82405,150727,Minbya,MMR012005
 Literate,50835,46017,96852,Myebon,MMR012006
 Illiterate,5994,18508,24502,Myebon,MMR012006
 Total,56829,64525,121354,Myebon,MMR012006
 Literate,10858,10051,20909,Maungtaw,MMR012009
 Illiterate,4171,6307,10478,Maungtaw,MMR012009
 Total,15029,16358,31387,Maungtaw,MMR012009
 Literate,16327,16219,32546,Buthidaung,MMR012010
 Illiterate,5052,8617,13669,Buthidaung,MMR012010
 Total,21379,24836,46215,Buthidaung,MMR012010
 Literate,619,463,1082,Taungpyoletwe(ST),MMR012009
 Illiterate,457,602,1059,Taungpyoletwe(ST),MMR012009
 Total,1076,1065,2141,Taungpyoletwe(ST),MMR012009
 Literate,57726,54715,112441,Kyaukpyu,MMR012011
 Illiterate,7017,22520,29537,Kyaukpyu,MMR012011
 Total,64743,77235,141978,Kyaukpyu,MMR012011
 Literate,21213,27557,48770,Mannaung,MMR017011
 Illiterate,1052,2492,3544,Mannaung,MMR017011
 Total,22265,30049,52314,Mannaung,MMR017011
 Literate,36051,41339,77390,Yanbye,MMR012013
 Illiterate,2889,7357,10246,Yanbye,MMR012013
 Total,38940,48696,87636,Yanbye,MMR012013
 Literate,42671,39824,82495,An,MMR012014
 Illiterate,6537,14088,20625,An,MMR012014
 Total,49208,53912,103120,An,MMR012014
 Literate,51817,55615,107432,Thandwe,MMR012015
 Illiterate,2911,5361,8272,Thandwe,MMR012015
 Total,54728,60976,115704,Thandwe,MMR012015
 Literate,44534,47335,91869,Toungup,MMR012016
 Illiterate,3077,6092,9169,Toungup,MMR012016
 Total,47611,53427,101038,Toungup,MMR012016
 Literate,17910,18262,36172,Gwa,MMR012017
 Illiterate,821,1342,2163,Gwa,MMR012017
 Total,18731,19604,38335,Gwa,MMR012017
 Literate,17366,16636,34002,Maei(ST),MMR012016
 Illiterate,1553,3574,5127,Maei(ST),MMR012016
 Total,18919,20210,39129,Maei(ST),MMR012016
 Literate,9887,10587,20474,Kyeintali(ST),MMR012017
 Illiterate,481,700,1181,Kyeintali(ST),MMR012017
 Total,10368,11287,21655,Kyeintali(ST),MMR012017
 Literate,116322,134998,251320,Insein,MMR013001
 Illiterate,3117,5517,8634,Insein,MMR013001
 Total,119439,140515,259954,Insein,MMR013001
 Literate,121214,139712,260926,Mingaladon,MMR013002
 Illiterate,3118,5504,8622,Mingaladon,MMR013002
 Total,124332,145216,269548,Mingaladon,MMR013002
 Literate,95766,102693,198459,Hmawby,MMR013003
 Illiterate,4475,7939,12414,Hmawby,MMR013003
 Total,100241,110632,210873,Hmawby,MMR013003
 Literate,101454,107817,209271,Hlegu,MMR013004
 Illiterate,5892,9962,15854,Hlegu,MMR013004
 Total,107346,117779,225125,Hlegu,MMR013004
 Literate,111131,118141,229272,Taikkyi,MMR013005
 Illiterate,6134,11286,17420,Taikkyi,MMR013005
 Total,117265,129427,246692,Taikkyi,MMR013005
 Literate,60113,62134,122247,Htantabin,MMR013006
 Illiterate,3001,4877,7878,Htantabin,MMR013006
 Total,63114,67011,130125,Htantabin,MMR013006
 Literate,137120,151806,288926,Shwepyitha,MMR013007
 Illiterate,4757,8335,13092,Shwepyitha,MMR013007
 Total,141877,160141,302018,Shwepyitha,MMR013007
 Literate,272767,308083,580850,Hlinethaya,MMR013008
 Illiterate,10330,17863,28193,Hlinethaya,MMR013008
 Total,283097,325946,609043,Hlinethaya,MMR013008
 Literate,84445,97590,182035,Thingangyun,MMR013009
 Illiterate,2456,4804,7260,Thingangyun,MMR013009
 Total,86901,102394,189295,Thingangyun,MMR013009
 Literate,27274,34206,61480,Yankin,MMR013010
 Illiterate,584,1283,1867,Yankin,MMR013010
 Total,27858,35489,63347,Yankin,MMR013010
 Literate,65049,77344,142393,South Okkalapa,MMR013011
 Illiterate,1054,2262,3316,South Okkalapa,MMR013011
 Total,66103,79606,145709,South Okkalapa,MMR013011
 Literate,133177,150800,283977,North Okkalapa,MMR013012
 Illiterate,3139,5817,8956,North Okkalapa,MMR013012
 Total,136316,156617,292933,North Okkalapa,MMR013012
 Literate,92063,100680,192743,Thakayta,MMR013013
 Illiterate,2211,4523,6734,Thakayta,MMR013013
 Total,94274,105203,199477,Thakayta,MMR013013
 Literate,30548,33244,63792,Dawbon,MMR013014
 Illiterate,1234,2239,3473,Dawbon,MMR013014
 Total,31782,35483,67265,Dawbon,MMR013014
 Literate,63519,81107,144626,Tamway,MMR013015
 Illiterate,1151,2273,3424,Tamway,MMR013015
 Total,64670,83380,148050,Tamway,MMR013015
 Literate,18447,23523,41970,Pazuntaung,MMR013016
 Illiterate,354,834,1188,Pazuntaung,MMR013016
 Total,18801,24357,43158,Pazuntaung,MMR013016
 Literate,15286,18587,33873,Botahtaung,MMR013017
 Illiterate,248,559,807,Botahtaung,MMR013017
 Total,15534,19146,34680,Botahtaung,MMR013017
 Literate,150894,160001,310895,Dagon Myothit(South),MMR013018
 Illiterate,6549,11889,18438,Dagon Myothit(South),MMR013018
 Total,157443,171890,329333,Dagon Myothit(South),MMR013018
 Literate,86289,97407,183696,Dagon Myothit(North),MMR013019
 Illiterate,1861,3100,4961,Dagon Myothit(North),MMR013019
 Total,88150,100507,188657,Dagon Myothit(North),MMR013019
 Literate,65441,70044,135485,Dagon Myothit(East),MMR013020
 Illiterate,2678,4569,7247,Dagon Myothit(East),MMR013020
 Total,68119,74613,142732,Dagon Myothit(East),MMR013020
 Literate,66717,68456,135173,Dagon Myothit(Seik),MMR013021
 Illiterate,3574,5878,9452,Dagon Myothit(Seik),MMR013021
 Total,70291,74334,144625,Dagon Myothit(Seik),MMR013021
 Literate,52875,61386,114261,Mingala Taungnyunt,MMR013022
 Illiterate,1273,2543,3816,Mingala Taungnyunt,MMR013022
 Total,54148,63929,118077,Mingala Taungnyunt,MMR013022
 Literate,106922,116759,223681,Thanlyin,MMR013023
 Illiterate,3577,5418,8995,Thanlyin,MMR013023
 Total,110499,122177,232676,Thanlyin,MMR013023
 Literate,53574,57858,111432,Kyauktan,MMR013024
 Illiterate,2561,4133,6694,Kyauktan,MMR013024
 Total,56135,61991,118126,Kyauktan,MMR013024
 Literate,62385,68403,130788,Thongwa,MMR013025
 Illiterate,4639,7211,11850,Thongwa,MMR013025
 Total,67024,75614,142638,Thongwa,MMR013025
 Literate,64346,71445,135791,Khayan,MMR013026
 Illiterate,2568,4223,6791,Khayan,MMR013026
 Total,66914,75668,142582,Khayan,MMR013026
 Literate,91722,96275,187997,Twantay,MMR013027
 Illiterate,5221,7804,13025,Twantay,MMR013027
 Total,96943,104079,201022,Twantay,MMR013027
 Literate,48216,51662,99878,Kawhmu,MMR013028
 Illiterate,2639,3886,6525,Kawhmu,MMR013028
 Total,50855,55548,106403,Kawhmu,MMR013028
 Literate,46724,51158,97882,Kungyangon,MMR013029
 Illiterate,1006,1391,2397,Kungyangon,MMR013029
 Total,47730,52549,100279,Kungyangon,MMR013029
 Literate,69551,72166,141717,Dala,MMR013030
 Illiterate,4885,7999,12884,Dala,MMR013030
 Total,74436,80165,154601,Dala,MMR013030
 Literate,508,442,950,Cocogyun,MMR013032
 Illiterate,38,48,86,Cocogyun,MMR013032
 Total,546,490,1036,Cocogyun,MMR013032
 Literate,14289,15048,29337,Tada(ST),MMR013024
 Illiterate,812,1257,2069,Tada(ST),MMR013024
 Total,15101,16305,31406,Tada(ST),MMR013024
 Literate,10463,13507,23970,Kyauktada,MMR013033
 Illiterate,179,470,649,Kyauktada,MMR013033
 Total,10642,13977,24619,Kyauktada,MMR013033
 Literate,12907,15772,28679,Pabedan,MMR013034
 Illiterate,301,675,976,Pabedan,MMR013034
 Total,13208,16447,29655,Pabedan,MMR013034
 Literate,14373,20090,34463,Lanmadaw,MMR013035
 Illiterate,182,411,593,Lanmadaw,MMR013035
 Total,14555,20501,35056,Lanmadaw,MMR013035
 Literate,7251,9853,17104,Latha,MMR013036
 Illiterate,104,356,460,Latha,MMR013036
 Total,7355,10209,17564,Latha,MMR013036
 Literate,19778,25429,45207,Ahlon,MMR013037
 Illiterate,345,702,1047,Ahlon,MMR013037
 Total,20123,26131,46254,Ahlon,MMR013037
 Literate,43769,50561,94330,Kyimyindine,MMR013038
 Illiterate,1641,3150,4791,Kyimyindine,MMR013038
 Total,45410,53711,99121,Kyimyindine,MMR013038
 Literate,34560,47364,81924,Sangyoung,MMR013039
 Illiterate,482,984,1466,Sangyoung,MMR013039
 Total,35042,48348,83390,Sangyoung,MMR013039
 Literate,62004,74018,136022,Hline,MMR013040
 Illiterate,1133,2309,3442,Hline,MMR013040
 Total,63137,76327,139464,Hline,MMR013040
 Literate,29184,39437,68621,Kamayut,MMR013041
 Illiterate,340,640,980,Kamayut,MMR013041
 Total,29524,40077,69601,Kamayut,MMR013041
 Literate,75570,89173,164743,Mayangon,MMR013042
 Illiterate,1463,2884,4347,Mayangon,MMR013042
 Total,77033,92057,169090,Mayangon,MMR013042
 Literate,8136,10935,19071,Dagon,MMR013043
 Illiterate,115,252,367,Dagon,MMR013043
 Total,8251,11187,19438,Dagon,MMR013043
 Literate,32132,41528,73660,Bahan,MMR013044
 Illiterate,441,1006,1447,Bahan,MMR013044
 Total,32573,42534,75107,Bahan,MMR013044
 Literate,903,910,1813,Seikkan,MMR013045
 Illiterate,20,14,34,Seikkan,MMR013045
 Total,923,924,1847,Seikkan,MMR013045
 Literate,143694,152082,295776,Taunggyi,MMR014001
 Illiterate,8661,20863,29524,Taunggyi,MMR014001
 Total,152355,172945,325300,Taunggyi,MMR014001
 Literate,74007,72214,146221,Nyaungshwe,MMR014002
 Illiterate,5021,11541,16562,Nyaungshwe,MMR014002
 Total,79028,83755,162783,Nyaungshwe,MMR014002
 Literate,36205,35171,71376,Hopon,MMR014003
 Illiterate,7050,14926,21976,Hopon,MMR014003
 Total,43255,50097,93352,Hopon,MMR014003
 Literate,52296,50894,103190,Hsihseng,MMR014004
 Illiterate,8514,17466,25980,Hsihseng,MMR014004
 Total,60810,68360,129170,Hsihseng,MMR014004
 Literate,72111,69003,141114,Kalaw,MMR014005
 Illiterate,5710,14590,20300,Kalaw,MMR014005
 Total,77821,83593,161414,Kalaw,MMR014005
 Literate,31090,33647,64737,Pindaya,MMR014006
 Illiterate,1541,3270,4811,Pindaya,MMR014006
 Total,32631,36917,69548,Pindaya,MMR014006
 Literate,32740,33552,66292,Ywarngan,MMR014007
 Illiterate,2001,3291,5292,Ywarngan,MMR014007
 Total,34741,36843,71584,Ywarngan,MMR014007
 Literate,46962,46000,92962,Yatsauk,MMR014008
 Illiterate,4930,9022,13952,Yatsauk,MMR014008
 Total,51892,55022,106914,Yatsauk,MMR014008
 Literate,43812,40323,84135,Pinlaung,MMR014009
 Illiterate,4500,11314,15814,Pinlaung,MMR014009
 Total,48312,51637,99949,Pinlaung,MMR014009
 Literate,38041,34689,72730,Phekon,MMR014010
 Illiterate,5464,9448,14912,Phekon,MMR014010
 Total,43505,44137,87642,Phekon,MMR014010
 Literate,20536,18903,39439,Kyauktalongyi(ST),MMR014001
 Illiterate,2871,7161,10032,Kyauktalongyi(ST),MMR014001
 Total,23407,26064,49471,Kyauktalongyi(ST),MMR014001
 Literate,12459,11050,23509,Indaw(ST),MMR014008
 Illiterate,3493,5466,8959,Indaw(ST),MMR014008
 Total,15952,16516,32468,Indaw(ST),MMR014008
 Literate,27463,23971,51434,Naungtayar(ST),MMR014009
 Illiterate,3643,11080,14723,Naungtayar(ST),MMR014009
 Total,31106,35051,66157,Naungtayar(ST),MMR014009
 Literate,16143,15675,31818,Loilem,MMR014011
 Illiterate,4113,8302,12415,Loilem,MMR014011
 Total,20256,23977,44233,Loilem,MMR014011
 Literate,14115,13643,27758,Le`char,MMR014012
 Illiterate,6054,9426,15480,Le`char,MMR014012
 Total,20169,23069,43238,Le`char,MMR014012
 Literate,28169,26121,54290,Nanhsam(South),MMR014013
 Illiterate,9957,14277,24234,Nanhsam(South),MMR014013
 Total,38126,40398,78524,Nanhsam(South),MMR014013
 Literate,5690,5419,11109,Kunhing,MMR014014
 Illiterate,2597,4406,7003,Kunhing,MMR014014
 Total,8287,9825,18112,Kunhing,MMR014014
 Literate,10230,10516,20746,Kehsi,MMR014015
 Illiterate,6641,10342,16983,Kehsi,MMR014015
 Total,16871,20858,37729,Kehsi,MMR014015
 Literate,13930,12121,26051,Mongkai,MMR014016
 Illiterate,15022,22723,37745,Mongkai,MMR014016
 Total,28952,34844,63796,Mongkai,MMR014016
 Literate,9655,9610,19265,Mineshu,MMR014017
 Illiterate,7158,10563,17721,Mineshu,MMR014017
 Total,16813,20173,36986,Mineshu,MMR014017
 Literate,22016,20180,42196,Panglong(ST),MMR014011
 Illiterate,6115,12570,18685,Panglong(ST),MMR014011
 Total,28131,32750,60881,Panglong(ST),MMR014011
 Literate,5806,5136,10942,Kholan(ST),MMR014013
 Illiterate,3710,5159,8869,Kholan(ST),MMR014013
 Total,9516,10295,19811,Kholan(ST),MMR014013
 Literate,7676,6916,14592,Karli(ST),MMR014014
 Illiterate,5315,7351,12666,Karli(ST),MMR014014
 Total,12991,14267,27258,Karli(ST),MMR014014
 Literate,5691,5832,11523,Minenaung(ST),MMR014015
 Illiterate,5768,7880,13648,Minenaung(ST),MMR014015
 Total,11459,13712,25171,Minenaung(ST),MMR014015
 Literate,8307,7135,15442,Minesan(Monsan)(ST),MMR014017
 Illiterate,3825,5322,9147,Minesan(Monsan)(ST),MMR014017
 Total,12132,12457,24589,Minesan(Monsan)(ST),MMR014017
 Literate,9935,9606,19541,Linkhe`,MMR014018
 Illiterate,4316,5945,10261,Linkhe`,MMR014018
 Total,14251,15551,29802,Linkhe`,MMR014018
 Literate,7610,7517,15127,Mone`,MMR014019
 Illiterate,3979,5600,9579,Mone`,MMR014019
 Total,11589,13117,24706,Mone`,MMR014019
 Literate,8253,6989,15242,Maukme`,MMR014020
 Illiterate,4745,8052,12797,Maukme`,MMR014020
 Total,12998,15041,28039,Maukme`,MMR014020
 Literate,6692,5568,12260,Minepan,MMR014021
 Illiterate,3835,5202,9037,Minepan,MMR014021
 Total,10527,10770,21297,Minepan,MMR014021
 Literate,1697,1406,3103,Homane(ST),MMR014018
 Illiterate,1184,1495,2679,Homane(ST),MMR014018
 Total,2881,2901,5782,Homane(ST),MMR014018
 Literate,2987,2511,5498,Kengtaung(ST),MMR014019
 Illiterate,1106,1724,2830,Kengtaung(ST),MMR014019
 Total,4093,4235,8328,Kengtaung(ST),MMR014019
 Literate,99219,102528,201747,Lashio,MMR015001
 Illiterate,31213,42505,73718,Lashio,MMR015001
 Total,130432,145033,275465,Lashio,MMR015001
 Literate,16371,16360,32731,Theinni,MMR015002
 Illiterate,7130,8625,15755,Theinni,MMR015002
 Total,23501,24985,48486,Theinni,MMR015002
 Literate,12980,13366,26346,Mineye`,MMR015003
 Illiterate,9990,14557,24547,Mineye`,MMR015003
 Total,22970,27923,50893,Mineye`,MMR015003
 Literate,32182,29248,61430,Tantyan,MMR015004
 Illiterate,36754,49347,86101,Tantyan,MMR015004
 Total,68936,78595,147531,Tantyan,MMR015004
 Literate,37706,37483,75189,MuSe,MMR015009
 Illiterate,6900,9267,16167,MuSe,MMR015009
 Total,44606,46750,91356,MuSe,MMR015009
 Literate,35088,35110,70198,Namkham,MMR015010
 Illiterate,8708,14470,23178,Namkham,MMR015010
 Total,43796,49580,93376,Namkham,MMR015010
 Literate,32960,31761,64721,Kukai,MMR015011
 Illiterate,8889,12763,21652,Kukai,MMR015011
 Total,41849,44524,86373,Kukai,MMR015011
 Literate,7192,6202,13394,Monekoe(ST),MMR015009
 Illiterate,4008,4272,8280,Monekoe(ST),MMR015009
 Total,11200,10474,21674,Monekoe(ST),MMR015009
 Literate,1926,1878,3804,Manhero(ST),MMR015009
 Illiterate,857,1373,2230,Manhero(ST),MMR015009
 Total,2783,3251,6034,Manhero(ST),MMR015009
 Literate,7491,7241,14732,Pansai(KyuKute)(ST),MMR015009
 Illiterate,2285,2945,5230,Pansai(KyuKute)(ST),MMR015009
 Total,9776,10186,19962,Pansai(KyuKute)(ST),MMR015009
 Literate,19520,16999,36519,Tamoenye(ST),MMR015011
 Illiterate,12879,14816,27695,Tamoenye(ST),MMR015011
 Total,32399,31815,64214,Tamoenye(ST),MMR015011
 Literate,42455,44914,87369,Kyukme,MMR015012
 Illiterate,8085,13513,21598,Kyukme,MMR015012
 Total,50540,58427,108967,Kyukme,MMR015012
 Literate,56649,57857,114506,Naungkhio,MMR015013
 Illiterate,4407,7344,11751,Naungkhio,MMR015013
 Total,61056,65201,126257,Naungkhio,MMR015013
 Literate,50598,51462,102060,Hsipaw,MMR015014
 Illiterate,19510,28131,47641,Hsipaw,MMR015014
 Total,70108,79593,149701,Hsipaw,MMR015014
 Literate,14692,15581,30273,Namtu,MMR015015
 Illiterate,5522,7401,12923,Namtu,MMR015015
 Total,20214,22982,43196,Namtu,MMR015015
 Literate,21605,23069,44674,Namsan(North),MMR015016
 Illiterate,4603,9284,13887,Namsan(North),MMR015016
 Total,26208,32353,58561,Namsan(North),MMR015016
 Literate,23273,24805,48078,Momeik,MMR015017
 Illiterate,2016,2921,4937,Momeik,MMR015017
 Total,25289,27726,53015,Momeik,MMR015017
 Literate,17966,18103,36069,Mabane,MMR015018
 Illiterate,515,866,1381,Mabane,MMR015018
 Total,18481,18969,37450,Mabane,MMR015018
 Literate,10349,9473,19822,Manton,MMR015019
 Illiterate,4586,7735,12321,Manton,MMR015019
 Total,14935,17208,32143,Manton,MMR015019
 Literate,5187,5140,10327,Minengaw(ST),MMR015012
 Illiterate,1826,3312,5138,Minengaw(ST),MMR015012
 Total,7013,8452,15465,Minengaw(ST),MMR015012
 Literate,7068,7634,14702,Minelon(ST),MMR015012
 Illiterate,2707,4104,6811,Minelon(ST),MMR015012
 Total,9775,11738,21513,Minelon(ST),MMR015012
 Literate,12215,9558,21773,Kunlon,MMR015020
 Illiterate,12497,13866,26363,Kunlon,MMR015020
 Total,24712,23424,48136,Kunlon,MMR015020
 Literate,21563,16182,37745,Laukine,MMR015022
 Illiterate,14549,17865,32414,Laukine,MMR015022
 Total,36112,34047,70159,Laukine,MMR015022
 Literate,5459,3480,8939,Kongyan,MMR015023
 Illiterate,9655,10702,20357,Kongyan,MMR015023
 Total,15114,14182,29296,Kongyan,MMR015023
 Literate,1596,1111,2707,Chinshwehaw(ST),MMR015022
 Illiterate,521,706,1227,Chinshwehaw(ST),MMR015022
 Total,2117,1817,3934,Chinshwehaw(ST),MMR015022
 Literate,5204,3720,8924,Mawhtike(ST),MMR015023
 Illiterate,7066,7750,14816,Mawhtike(ST),MMR015023
 Total,12270,11470,23740,Mawhtike(ST),MMR015023
 Literate,10870,9209,20079,Hopan,MMR015021
 Illiterate,12964,14144,27108,Hopan,MMR015021
 Total,23834,23353,47187,Hopan,MMR015021
 Literate,9808,7312,17120,Minemaw,MMR015008
 Illiterate,21235,22307,43542,Minemaw,MMR015008
 Total,31043,29619,60662,Minemaw,MMR015008
 Literate,11369,9056,20425,Panwine,MMR015007
 Illiterate,31875,33472,65347,Panwine,MMR015007
 Total,43244,42528,85772,Panwine,MMR015007
 Literate,1220,1078,2298,Panlon(ST),MMR015021
 Illiterate,1338,1481,2819,Panlon(ST),MMR015021
 Total,2558,2559,5117,Panlon(ST),MMR015021
 Literate,2412,1691,4103,Makman,MMR015024
 Illiterate,5490,6417,11907,Makman,MMR015024
 Total,7902,8108,16010,Makman,MMR015024
 Literate,15382,11291,26673,Pan San(Pan Kham),MMR015005
 Illiterate,21795,26639,48434,Pan San(Pan Kham),MMR015005
 Total,37177,37930,75107,Pan San(Pan Kham),MMR015005
 Literate,12769,9345,22114,Naphang,MMR015006
 Illiterate,38450,40152,78602,Naphang,MMR015006
 Total,51219,49497,100716,Naphang,MMR015006
 Literate,168,193,361,ManKan(ST),MMR015005
 Illiterate,327,453,780,ManKan(ST),MMR015005
 Total,495,646,1141,ManKan(ST),MMR015005
 Literate,41832,38804,80636,Kengtung,MMR016001
 Illiterate,29363,35544,64907,Kengtung,MMR016001
 Total,71195,74348,145543,Kengtung,MMR016001
 Literate,2732,2038,4770,Minekat,MMR016002
 Illiterate,15887,16976,32863,Minekat,MMR016002
 Total,18619,19014,37633,Minekat,MMR016002
 Literate,7840,4762,12602,Mineyan,MMR016003
 Illiterate,14614,17949,32563,Mineyan,MMR016003
 Total,22454,22711,45165,Mineyan,MMR016003
 Literate,6372,4164,10536,Minelar,MMR016005
 Illiterate,5938,8487,14425,Minelar,MMR016005
 Total,12310,12651,24961,Minelar,MMR016005
 Literate,6511,5318,11829,Mine Pauk(ST),MMR016003
 Illiterate,16914,17658,34572,Mine Pauk(ST),MMR016003
 Total,23425,22976,46401,Mine Pauk(ST),MMR016003
 Literate,14704,11979,26683,Minesat,MMR016006
 Illiterate,19868,21714,41582,Minesat,MMR016006
 Total,34572,33693,68265,Minesat,MMR016006
 Literate,8296,6939,15235,Minepyin,MMR016007
 Illiterate,13633,16149,29782,Minepyin,MMR016007
 Total,21929,23088,45017,Minepyin,MMR016007
 Literate,4599,3796,8395,Minetung,MMR016008
 Illiterate,4407,4641,9048,Minetung,MMR016008
 Total,9006,8437,17443,Minetung,MMR016008
 Literate,1331,1253,2584,Minekoke(ST),MMR016006
 Illiterate,6149,5885,12034,Minekoke(ST),MMR016006
 Total,7480,7138,14618,Minekoke(ST),MMR016006
 Literate,1555,1318,2873,Tontar(ST),MMR016007
 Illiterate,4421,4688,9109,Tontar(ST),MMR016007
 Total,5976,6006,11982,Tontar(ST),MMR016007
 Literate,7530,5911,13441,Ponparkyin(ST),MMR016008
 Illiterate,9287,9847,19134,Ponparkyin(ST),MMR016008
 Total,16817,15758,32575,Ponparkyin(ST),MMR016008
 Literate,900,343,1243,Monehta(ST),MMR016008
 Illiterate,1272,1129,2401,Monehta(ST),MMR016008
 Total,2172,1472,3644,Monehta(ST),MMR016008
 Literate,44054,41886,85940,Tachileik,MMR016009
 Illiterate,17676,22601,40277,Tachileik,MMR016009
 Total,61730,64487,126217,Tachileik,MMR016009
 Literate,4866,4214,9080,Talay(ST),MMR016009
 Illiterate,2905,3610,6515,Talay(ST),MMR016009
 Total,7771,7824,15595,Talay(ST),MMR016009
 Literate,2646,1738,4384,Kenglat(ST),MMR016009
 Illiterate,2222,2959,5181,Kenglat(ST),MMR016009
 Total,4868,4697,9565,Kenglat(ST),MMR016009
 Literate,6593,5385,11978,Minephyat,MMR016010
 Illiterate,5602,6848,12450,Minephyat,MMR016010
 Total,12195,12233,24428,Minephyat,MMR016010
 Literate,7064,3859,10923,Mineyaung,MMR016011
 Illiterate,4507,8067,12574,Mineyaung,MMR016011
 Total,11571,11926,23497,Mineyaung,MMR016011
 Literate,9875,5210,15085,Mineyu(ST),MMR016011
 Illiterate,13059,16632,29691,Mineyu(ST),MMR016011
 Total,22934,21842,44776,Mineyu(ST),MMR016011
 Literate,71438,74700,146138,Kangyidaunt,MMR017002
 Illiterate,5241,7749,12990,Kangyidaunt,MMR017002
 Total,76679,82449,159128,Kangyidaunt,MMR017002
 Literate,64844,69531,134375,Kyaungon,MMR017007
 Illiterate,4787,7176,11963,Kyaungon,MMR017007
 Total,69631,76707,146338,Kyaungon,MMR017007
 Literate,93662,99868,193530,Kyonpyaw,MMR017005
 Illiterate,7233,10935,18168,Kyonpyaw,MMR017005
 Total,100895,110803,211698,Kyonpyaw,MMR017005
 Literate,67424,67989,135413,Ngaputaw,MMR017004
 Illiterate,6662,7713,14375,Ngaputaw,MMR017004
 Total,74086,75702,149788,Ngaputaw,MMR017004
 Literate,112015,125335,237350,Pathein,MMR017001
 Illiterate,5287,8707,13994,Pathein,MMR017001
 Total,117302,134042,251344,Pathein,MMR017001
 Literate,42319,47070,89389,Yekyi,MMR017006
 Illiterate,1948,3616,5564,Yekyi,MMR017006
 Total,44267,50686,94953,Yekyi,MMR017006
 Literate,62597,64295,126892,Thapaung,MMR017003
 Illiterate,4042,6380,10422,Thapaung,MMR017003
 Total,66639,70675,137314,Thapaung,MMR017003
 Literate,17728,16723,34451,Ngayokaung(ST),MMR017004
 Illiterate,1017,1691,2708,Ngayokaung(ST),MMR017004
 Total,18745,18414,37159,Ngayokaung(ST),MMR017004
 Literate,48623,47856,96479,Hainggyikyun(ST),MMR017004
 Illiterate,2337,3499,5836,Hainggyikyun(ST),MMR017004
 Total,50960,51355,102315,Hainggyikyun(ST),MMR017004
 Literate,17071,17404,34475,Shwethaungyan(ST),MMR017001
 Illiterate,1339,1665,3004,Shwethaungyan(ST),MMR017001
 Total,18410,19069,37479,Shwethaungyan(ST),MMR017001
 Literate,15755,15595,31350,Ngwehsaung(ST),MMR017001
 Illiterate,1736,2088,3824,Ngwehsaung(ST),MMR017001
 Total,17491,17683,35174,Ngwehsaung(ST),MMR017001
 Literate,35781,38930,74711,Ngathaingchaung(ST),MMR017006
 Illiterate,1879,3492,5371,Ngathaingchaung(ST),MMR017006
 Total,37660,42422,80082,Ngathaingchaung(ST),MMR017006
 Literate,77611,81210,158821,Kyaiklatt,MMR017025
 Illiterate,3673,5659,9332,Kyaiklatt,MMR017025
 Total,81284,86869,168153,Kyaiklatt,MMR017025
 Literate,82502,86249,168751,Daydaye,MMR017026
 Illiterate,4315,6326,10641,Daydaye,MMR017026
 Total,86817,92575,179392,Daydaye,MMR017026
 Literate,74958,78863,153821,Phyapon,MMR017023
 Illiterate,4579,7261,11840,Phyapon,MMR017023
 Total,79537,86124,165661,Phyapon,MMR017023
 Literate,126970,128247,255217,Bogale,MMR017024
 Illiterate,10390,16284,26674,Bogale,MMR017024
 Total,137360,144531,281891,Bogale,MMR017024
 Literate,49074,48070,97144,Ahmar(ST),MMR017023
 Illiterate,4815,7189,12004,Ahmar(ST),MMR017023
 Total,53889,55259,109148,Ahmar(ST),MMR017023
 Literate,86101,90583,176684,Nyaungdon,MMR017021
 Illiterate,5137,8601,13738,Nyaungdon,MMR017021
 Total,91238,99184,190422,Nyaungdon,MMR017021
 Literate,72405,80418,152823,Danubyu,MMR017022
 Illiterate,3305,5416,8721,Danubyu,MMR017022
 Total,75710,85834,161544,Danubyu,MMR017022
 Literate,105157,111490,216647,Pantanaw,MMR017020
 Illiterate,7723,12059,19782,Pantanaw,MMR017020
 Total,112880,123549,236429,Pantanaw,MMR017020
 Literate,125740,133633,259373,Maubin,MMR017019
 Illiterate,7154,11129,18283,Maubin,MMR017019
 Total,132894,144762,277656,Maubin,MMR017019
 Literate,116398,122051,238449,Myaungmya,MMR017014
 Illiterate,10755,14709,25464,Myaungmya,MMR017014
 Total,127153,136760,263913,Myaungmya,MMR017014
 Literate,113121,118243,231364,Wakema,MMR017017
 Illiterate,10141,15801,25942,Wakema,MMR017017
 Total,123262,134044,257306,Wakema,MMR017017
 Literate,75822,79099,154921,Einme,MMR017015
 Illiterate,7965,11126,19091,Einme,MMR017015
 Total,83787,90225,174012,Einme,MMR017015
 Literate,126257,127921,254178,Mawlamyinegyun,MMR017018
 Illiterate,7855,14046,21901,Mawlamyinegyun,MMR017018
 Total,134112,141967,276079,Mawlamyinegyun,MMR017018
 Literate,91053,88980,180033,Labutta,MMR017016
 Illiterate,8178,13123,21301,Labutta,MMR017016
 Total,99231,102103,201334,Labutta,MMR017016
 Literate,33310,29676,62986,Pyinsalu(ST),MMR017016
 Illiterate,3339,4592,7931,Pyinsalu(ST),MMR017016
 Total,36649,34268,70917,Pyinsalu(ST),MMR017016
 Literate,39719,44768,84487,Kyangin,MMR017012
 Illiterate,1173,2162,3335,Kyangin,MMR017012
 Total,40892,46930,87822,Kyangin,MMR017012
 Literate,67248,75166,142414,Zalun,MMR017009
 Illiterate,2944,5738,8682,Zalun,MMR017009
 Total,70192,80904,151096,Zalun,MMR017009
 Literate,87828,100136,187964,Myanaung,MMR017011
 Illiterate,3463,7128,10591,Myanaung,MMR017011
 Total,91291,107264,198555,Myanaung,MMR017011
 Literate,41618,45046,86664,Laymyethna,MMR017010
 Illiterate,2071,3548,5619,Laymyethna,MMR017010
 Total,43689,48594,92283,Laymyethna,MMR017010
 Literate,135235,152965,288200,Hinthada,MMR017008
 Illiterate,5311,10535,15846,Hinthada,MMR017008
 Total,140546,163500,304046,Hinthada,MMR017008
 Literate,87011,95943,182954,Ingapu,MMR017013
 Illiterate,3286,6426,9712,Ingapu,MMR017013
 Total,90297,102369,192666,Ingapu,MMR017013
 Literate,85380,91327,176707,Tatkon,MMR018003
 Illiterate,3643,11716,15359,Tatkon,MMR018003
 Total,89023,103043,192066,Tatkon,MMR018003
 Literate,43430,45749,89179,Zeyarthiri,MMR018001
 Illiterate,1428,3108,4536,Zeyarthiri,MMR018001
 Total,44858,48857,93715,Zeyarthiri,MMR018001
 Literate,31265,30051,61316,Ottarathiri,MMR018008
 Illiterate,1753,4549,6302,Ottarathiri,MMR018008
 Total,33018,34600,67618,Ottarathiri,MMR018008
 Literate,44604,46464,91068,Pobbathiri,MMR018005
 Illiterate,1843,4953,6796,Pobbathiri,MMR018005
 Total,46447,51417,97864,Pobbathiri,MMR018005
 Literate,72370,79857,152227,Pyinmana,MMR018006
 Illiterate,3028,6243,9271,Pyinmana,MMR018006
 Total,75398,86100,161498,Pyinmana,MMR018006
 Literate,114064,119926,233990,Lewe,MMR018007
 Illiterate,4499,11536,16035,Lewe,MMR018007
 Total,118563,131462,250025,Lewe,MMR018007
 Literate,37939,43077,81016,Zabuthiri,MMR018002
 Illiterate,831,1577,2408,Zabuthiri,MMR018002
 Total,38770,44654,83424,Zabuthiri,MMR018002
 Literate,11460,11599,23059,Dekkhinathiri,MMR018004
 Illiterate,472,1223,1695,Dekkhinathiri,MMR018004
 Total,11932,12822,24754,Dekkhinathiri,MMR018004
 Literate,18512796,20150546,38663342,Dekkhinathiri,MMR018004
 Illiterate,1809611,3044194,4853805,Dekkhinathiri,MMR018004
 Total,20322407,23194740,43517147,Dekkhinathiri,MMR018004
