Urban_Rural,Land_line_phone_Yes,Land_line_phone_No,Land_line_phone_Total,Township,MIMU_code
 Urban,3982,35686,39668,Myitkyina,MMR001001
 Rural,487,10428,10915,Myitkyina,MMR001001
 Total,4469,46114,50583,Myitkyina,MMR001001
 Urban,379,3441,3820,Waingmaw,MMR001002
 Rural,810,15150,15960,Waingmaw,MMR001002
 Total,1189,18591,19780,Waingmaw,MMR001002
 Urban,2,76,78,Ingyanyan,MMR001003
 Rural,3,204,207,Ingyanyan,MMR001003
 Total,5,280,285,Ingyanyan,MMR001003
 Urban,322,3372,3694,Tanaing,MMR001004
 Rural,61,2643,2704,Tanaing,MMR001004
 Total,383,6015,6398,Tanaing,MMR001004
 Urban,16,313,329,Chiphwe,MMR001005
 Rural,34,1568,1602,Chiphwe,MMR001005
 Total,50,1881,1931,Chiphwe,MMR001005
 Urban,1,65,66,Hsotlaw,MMR001006
 Rural,1,1006,1007,Hsotlaw,MMR001006
 Total,2,1071,1073,Hsotlaw,MMR001006
 Urban,13,691,704,Hsinbo(ST),MMR001001
 Rural,17,1287,1304,Hsinbo(ST),MMR001001
 Total,30,1978,2008,Hsinbo(ST),MMR001001
 Urban,32,478,510,Hsadone(ST),MMR001002
 Rural,15,1085,1100,Hsadone(ST),MMR001002
 Total,47,1563,1610,Hsadone(ST),MMR001002
 Urban,1,173,174,Kanpaikti(ST),MMR001002
 Rural,179,1117,1296,Kanpaikti(ST),MMR001002
 Total,180,1290,1470,Kanpaikti(ST),MMR001002
 Urban,20,1005,1025,Shinbwayyan(ST),MMR001004
 Rural,41,1064,1105,Shinbwayyan(ST),MMR001004
 Total,61,2069,2130,Shinbwayyan(ST),MMR001004
 Urban,5,191,196,Panwa(ST),MMR001005
 Rural,9,1170,1179,Panwa(ST),MMR001005
 Total,14,1361,1375,Panwa(ST),MMR001005
 Urban,569,5784,6353,Mohnyin,MMR001007
 Rural,1160,22677,23837,Mohnyin,MMR001007
 Total,1729,28461,30190,Mohnyin,MMR001007
 Urban,625,3823,4448,Mogaung,MMR001008
 Rural,1189,19261,20450,Mogaung,MMR001008
 Total,1814,23084,24898,Mogaung,MMR001008
 Urban,402,6454,6856,Phakant,MMR001009
 Rural,2115,24163,26278,Phakant,MMR001009
 Total,2517,30617,33134,Phakant,MMR001009
 Urban,660,3881,4541,Hopin(ST),MMR001007
 Rural,96,4795,4891,Hopin(ST),MMR001007
 Total,756,8676,9432,Hopin(ST),MMR001007
 Urban,7,1023,1030,Kamine(ST),MMR001009
 Rural,43,2425,2468,Kamine(ST),MMR001009
 Total,50,3448,3498,Kamine(ST),MMR001009
 Urban,908,8607,9515,Bhamo,MMR001010
 Rural,464,14182,14646,Bhamo,MMR001010
 Total,1372,22789,24161,Bhamo,MMR001010
 Urban,423,2979,3402,Shwegu,MMR001011
 Rural,338,12088,12426,Shwegu,MMR001011
 Total,761,15067,15828,Shwegu,MMR001011
 Urban,255,1835,2090,Momauk,MMR001012
 Rural,402,6142,6544,Momauk,MMR001012
 Total,657,7977,8634,Momauk,MMR001012
 Urban,161,1457,1618,Mansi,MMR001013
 Rural,553,8383,8936,Mansi,MMR001013
 Total,714,9840,10554,Mansi,MMR001013
 Urban,2,359,361,Myohla(ST),MMR001011
 Rural,24,408,432,Myohla(ST),MMR001011
 Total,26,767,793,Myohla(ST),MMR001011
 Urban,79,1146,1225,Lwe`ge`(ST),MMR001012
 Rural,2,276,278,Lwe`ge`(ST),MMR001012
 Total,81,1422,1503,Lwe`ge`(ST),MMR001012
 Urban,25,286,311,Dotphoneyan(ST),MMR001012
 Rural,47,1875,1922,Dotphoneyan(ST),MMR001012
 Total,72,2161,2233,Dotphoneyan(ST),MMR001012
 Urban,50,2761,2811,Putao,MMR001014
 Rural,73,7859,7932,Putao,MMR001014
 Total,123,10620,10743,Putao,MMR001014
 Urban,-,172,172,Sumprabum,MMR001015
 Rural,14,293,307,Sumprabum,MMR001015
 Total,14,465,479,Sumprabum,MMR001015
 Urban,2,406,408,Machanbaw,MMR001016
 Rural,14,1297,1311,Machanbaw,MMR001016
 Total,16,1703,1719,Machanbaw,MMR001016
 Urban,1,69,70,Khaunglanphoo,MMR001018
 Rural,9,1632,1641,Khaunglanphoo,MMR001018
 Total,10,1701,1711,Khaunglanphoo,MMR001018
 Urban,1,359,360,Naungmoon,MMR001017
 Rural,4,579,583,Naungmoon,MMR001017
 Total,5,938,943,Naungmoon,MMR001017
 Urban,-,24,24,Pannandin(ST),MMR001017
 Rural,-,245,245,Pannandin(ST),MMR001017
 Total,-,269,269,Pannandin(ST),MMR001017
 Urban,1067,9355,10422,Loikaw,MMR002001
 Rural,411,15662,16073,Loikaw,MMR002001
 Total,1478,25017,26495,Loikaw,MMR002001
 Urban,92,1045,1137,Dimawso,MMR002002
 Rural,356,13854,14210,Dimawso,MMR002002
 Total,448,14899,15347,Dimawso,MMR002002
 Urban,43,810,853,Phruso,MMR002003
 Rural,16,5041,5057,Phruso,MMR002003
 Total,59,5851,5910,Phruso,MMR002003
 Urban,16,320,336,Shardaw,MMR002004
 Rural,3,1067,1070,Shardaw,MMR002004
 Total,19,1387,1406,Shardaw,MMR002004
 Urban,51,788,839,Bawlakhe,MMR002005
 Rural,2,748,750,Bawlakhe,MMR002005
 Total,53,1536,1589,Bawlakhe,MMR002005
 Urban,53,541,594,Parsaung,MMR002006
 Rural,84,4055,4139,Parsaung,MMR002006
 Total,137,4596,4733,Parsaung,MMR002006
 Urban,-,195,195,Meisi,MMR002007
 Rural,3,1104,1107,Meisi,MMR002007
 Total,3,1299,1302,Meisi,MMR002007
 Urban,-,292,292,Ywathit(ST),MMR002005
 Rural,-,200,200,Ywathit(ST),MMR002005
 Total,-,492,492,Ywathit(ST),MMR002005
 Urban,1300,13468,14768,Hpa-an,MMR003001
 Rural,2720,71709,74429,Hpa-an,MMR003001
 Total,4020,85177,89197,Hpa-an,MMR003001
 Urban,324,1955,2279,Hlaingbwe,MMR003002
 Rural,877,28430,29307,Hlaingbwe,MMR003002
 Total,1201,30385,31586,Hlaingbwe,MMR003002
 Urban,217,2845,3062,Thandaunggyi,MMR003004
 Rural,146,2601,2747,Thandaunggyi,MMR003004
 Total,363,5446,5809,Thandaunggyi,MMR003004
 Urban,24,783,807,Paingkyon(ST),MMR003002
 Rural,347,16624,16971,Paingkyon(ST),MMR003002
 Total,371,17407,17778,Paingkyon(ST),MMR003002
 Urban,3,80,83,Shan Ywathit(ST),MMR003002
 Rural,85,3588,3673,Shan Ywathit(ST),MMR003002
 Total,88,3668,3756,Shan Ywathit(ST),MMR003002
 Urban,35,572,607,Leiktho(ST),MMR003004
 Rural,147,9172,9319,Leiktho(ST),MMR003004
 Total,182,9744,9926,Leiktho(ST),MMR003004
 Urban,1,435,436,Bawgali(ST),MMR003004
 Rural,89,2880,2969,Bawgali(ST),MMR003004
 Total,90,3315,3405,Bawgali(ST),MMR003004
 Urban,9,624,633,Pharpon,MMR003003
 Rural,19,1892,1911,Pharpon,MMR003003
 Total,28,2516,2544,Pharpon,MMR003003
 Urban,42,2707,2749,Kamamaung(ST},MMR003003
 Rural,31,1178,1209,Kamamaung(ST},MMR003003
 Total,73,3885,3958,Kamamaung(ST},MMR003003
 Urban,1338,22678,24016,Myawady,MMR003005
 Rural,620,16622,17242,Myawady,MMR003005
 Total,1958,39300,41258,Myawady,MMR003005
 Urban,1,74,75,Sugali(ST),MMR003005
 Rural,9,977,986,Sugali(ST),MMR003005
 Total,10,1051,1061,Sugali(ST),MMR003005
 Urban,4,573,577,Wawlaymyaing(ST),MMR003005
 Rural,24,1096,1120,Wawlaymyaing(ST),MMR003005
 Total,28,1669,1697,Wawlaymyaing(ST),MMR003005
 Urban,644,7838,8482,Kawkareik,MMR003006
 Rural,1345,35671,37016,Kawkareik,MMR003006
 Total,1989,43509,45498,Kawkareik,MMR003006
 Urban,120,1697,1817,Kyarinseikkyi,MMR003007
 Rural,581,19642,20223,Kyarinseikkyi,MMR003007
 Total,701,21339,22040,Kyarinseikkyi,MMR003007
 Urban,86,6010,6096,Payarthonezu(ST),MMR003007
 Rural,192,11507,11699,Payarthonezu(ST),MMR003007
 Total,278,17517,17795,Payarthonezu(ST),MMR003007
 Urban,44,636,680,Kyaidon(ST),MMR003007
 Rural,52,10001,10053,Kyaidon(ST),MMR003007
 Total,96,10637,10733,Kyaidon(ST),MMR003007
 Urban,1178,4043,5221,HaKa,MMR004002
 Rural,200,4496,4696,HaKa,MMR004002
 Total,1378,8539,9917,HaKa,MMR004002
 Urban,318,1189,1507,Thantlang,MMR004003
 Rural,223,8052,8275,Thantlang,MMR004003
 Total,541,9241,9782,Thantlang,MMR004003
 Urban,364,1638,2002,Falam,MMR004001
 Rural,176,6250,6426,Falam,MMR004001
 Total,540,7888,8428,Falam,MMR004001
 Urban,459,1791,2250,Tedim,MMR004004
 Rural,638,11795,12433,Tedim,MMR004004
 Total,1097,13586,14683,Tedim,MMR004004
 Urban,26,614,640,Tonzaung,MMR004005
 Rural,31,2740,2771,Tonzaung,MMR004005
 Total,57,3354,3411,Tonzaung,MMR004005
 Urban,59,611,670,Rihkhuadal(ST),MMR004001
 Rural,3,525,528,Rihkhuadal(ST),MMR004001
 Total,62,1136,1198,Rihkhuadal(ST),MMR004001
 Urban,12,203,215,Cikha(ST),MMR004005
 Rural,14,1301,1315,Cikha(ST),MMR004005
 Total,26,1504,1530,Cikha(ST),MMR004005
 Urban,261,2082,2343,Mindat,MMR004006
 Rural,116,6063,6179,Mindat,MMR004006
 Total,377,8145,8522,Mindat,MMR004006
 Urban,209,1461,1670,Matupi,MMR004007
 Rural,71,5895,5966,Matupi,MMR004007
 Total,280,7356,7636,Matupi,MMR004007
 Urban,31,776,807,Kanpalet,MMR004008
 Rural,23,3147,3170,Kanpalet,MMR004008
 Total,54,3923,3977,Kanpalet,MMR004008
 Urban,48,1302,1350,Paletwat,MMR004009
 Rural,27,11916,11943,Paletwat,MMR004009
 Total,75,13218,13293,Paletwat,MMR004009
 Urban,7,455,462,Reazu(ST),MMR004007
 Rural,41,2018,2059,Reazu(ST),MMR004007
 Total,48,2473,2521,Reazu(ST),MMR004007
 Urban,1,632,633,Sami(ST),MMR004009
 Rural,47,5543,5590,Sami(ST),MMR004009
 Total,48,6175,6223,Sami(ST),MMR004009
 Urban,1075,15421,16496,Sagaing,MMR005001
 Rural,1287,47360,48647,Sagaing,MMR005001
 Total,2362,62781,65143,Sagaing,MMR005001
 Urban,586,3045,3631,Myinmu,MMR005002
 Rural,381,21292,21673,Myinmu,MMR005002
 Total,967,24337,25304,Myinmu,MMR005002
 Urban,196,1757,1953,Myaung,MMR005003
 Rural,941,21368,22309,Myaung,MMR005003
 Total,1137,23125,24262,Myaung,MMR005003
 Urban,1137,12394,13531,Shwebo,MMR005004
 Rural,1261,35455,36716,Shwebo,MMR005004
 Total,2398,47849,50247,Shwebo,MMR005004
 Urban,273,2018,2291,Khin U,MMR005005
 Rural,887,29446,30333,Khin U,MMR005005
 Total,1160,31464,32624,Khin U,MMR005005
 Urban,336,1970,2306,Wetlet,MMR005006
 Rural,1227,43179,44406,Wetlet,MMR005006
 Total,1563,45149,46712,Wetlet,MMR005006
 Urban,436,4747,5183,Kambalu,MMR005007
 Rural,1980,54163,56143,Kambalu,MMR005007
 Total,2416,58910,61326,Kambalu,MMR005007
 Urban,345,2154,2499,Kyunhlau,MMR005008
 Rural,852,17512,18364,Kyunhlau,MMR005008
 Total,1197,19666,20863,Kyunhlau,MMR005008
 Urban,526,3439,3965,Ye U,MMR005009
 Rural,843,21565,22408,Ye U,MMR005009
 Total,1369,25004,26373,Ye U,MMR005009
 Urban,114,841,955,Depayin,MMR005010
 Rural,859,28531,29390,Depayin,MMR005010
 Total,973,29372,30345,Depayin,MMR005010
 Urban,505,2467,2972,Tasei,MMR005011
 Rural,1316,31649,32965,Tasei,MMR005011
 Total,1821,34116,35937,Tasei,MMR005011
 Urban,127,2179,2306,Kyaukmyaung(ST),MMR005004
 Rural,94,4650,4744,Kyaukmyaung(ST),MMR005004
 Total,221,6829,7050,Kyaukmyaung(ST),MMR005004
 Urban,4532,35874,40406,Monywa,MMR005012
 Rural,686,34870,35556,Monywa,MMR005012
 Total,5218,70744,75962,Monywa,MMR005012
 Urban,225,968,1193,Butalin,MMR005013
 Rural,703,26720,27423,Butalin,MMR005013
 Total,928,27688,28616,Butalin,MMR005013
 Urban,154,2001,2155,Ayartaw,MMR005014
 Rural,567,32869,33436,Ayartaw,MMR005014
 Total,721,34870,35591,Ayartaw,MMR005014
 Urban,531,4550,5081,Chaung Oo,MMR005015
 Rural,544,17751,18295,Chaung Oo,MMR005015
 Total,1075,22301,23376,Chaung Oo,MMR005015
 Urban,689,4574,5263,Katha,MMR005020
 Rural,557,26141,26698,Katha,MMR005020
 Total,1246,30715,31961,Katha,MMR005020
 Urban,286,1556,1842,Indaw,MMR005021
 Rural,964,20424,21388,Indaw,MMR005021
 Total,1250,21980,23230,Indaw,MMR005021
 Urban,500,2570,3070,Tigyaing,MMR005022
 Rural,544,22775,23319,Tigyaing,MMR005022
 Total,1044,25345,26389,Tigyaing,MMR005022
 Urban,179,1033,1212,Banmauk,MMR005023
 Rural,506,17150,17656,Banmauk,MMR005023
 Total,685,18183,18868,Banmauk,MMR005023
 Urban,759,3810,4569,Kawlin,MMR005024
 Rural,1361,25473,26834,Kawlin,MMR005024
 Total,2120,29283,31403,Kawlin,MMR005024
 Urban,292,2298,2590,Wuntho,MMR005025
 Rural,338,11277,11615,Wuntho,MMR005025
 Total,630,13575,14205,Wuntho,MMR005025
 Urban,71,1398,1469,Pinlebu,MMR005026
 Rural,324,20107,20431,Pinlebu,MMR005026
 Total,395,21505,21900,Pinlebu,MMR005026
 Urban,1359,24362,25721,Kalay,MMR014005
 Rural,1626,45422,47048,Kalay,MMR014005
 Total,2985,69784,72769,Kalay,MMR014005
 Urban,43,1910,1953,Kalewa,MMR005028
 Rural,452,9330,9782,Kalewa,MMR005028
 Total,495,11240,11735,Kalewa,MMR005028
 Urban,82,754,836,Mingin,MMR005029
 Rural,476,20746,21222,Mingin,MMR005029
 Total,558,21500,22058,Mingin,MMR005029
 Urban,737,8252,8989,Tamu,MMR005030
 Rural,66,2931,2997,Tamu,MMR005030
 Total,803,11183,11986,Tamu,MMR005030
 Urban,10,298,308,Myothit(ST),MMR005030
 Rural,76,2713,2789,Myothit(ST),MMR005030
 Total,86,3011,3097,Myothit(ST),MMR005030
 Urban,80,2758,2838,Khampat(ST),MMR005030
 Rural,122,4548,4670,Khampat(ST),MMR005030
 Total,202,7306,7508,Khampat(ST),MMR005030
 Urban,28,1796,1824,Mawlaik,MMR005031
 Rural,171,8350,8521,Mawlaik,MMR005031
 Total,199,10146,10345,Mawlaik,MMR005031
 Urban,87,1855,1942,Phaungpyin,MMR005032
 Rural,311,17993,18304,Phaungpyin,MMR005032
 Total,398,19848,20246,Phaungpyin,MMR005032
 Urban,42,2141,2183,Hkamti,MMR005033
 Rural,124,5054,5178,Hkamti,MMR005033
 Total,166,7195,7361,Hkamti,MMR005033
 Urban,187,3388,3575,Homalin,MMR005034
 Rural,1102,31066,32168,Homalin,MMR005034
 Total,1289,34454,35743,Homalin,MMR005034
 Urban,-,253,253,Leshi,MMR005035
 Rural,8,1395,1403,Leshi,MMR005035
 Total,8,1648,1656,Leshi,MMR005035
 Urban,5,533,538,Lahe,MMR005036
 Rural,20,6419,6439,Lahe,MMR005036
 Total,25,6952,6977,Lahe,MMR005036
 Urban,9,366,375,Nanyun,MMR005037
 Rural,12,1181,1193,Nanyun,MMR005037
 Total,21,1547,1568,Nanyun,MMR005037
 Urban,2,208,210,Mobaingluk(ST),MMR005035
 Rural,1,99,100,Mobaingluk(ST),MMR005035
 Total,3,307,310,Mobaingluk(ST),MMR005035
 Urban,4,282,286,Sonemara(ST),MMR005035
 Rural,9,899,908,Sonemara(ST),MMR005035
 Total,13,1181,1194,Sonemara(ST),MMR005035
 Urban,-,128,128,Htanparkway(ST),MMR005036
 Rural,-,633,633,Htanparkway(ST),MMR005036
 Total,-,761,761,Htanparkway(ST),MMR005036
 Urban,20,318,338,Pansaung(ST),MMR005037
 Rural,3,2008,2011,Pansaung(ST),MMR005037
 Total,23,2326,2349,Pansaung(ST),MMR005037
 Urban,-,169,169,Donhee(ST),MMR005037
 Rural,-,3754,3754,Donhee(ST),MMR005037
 Total,-,3923,3923,Donhee(ST),MMR005037
 Urban,85,992,1077,Yinmarpin,MMR005016
 Rural,975,27480,28455,Yinmarpin,MMR005016
 Total,1060,28472,29532,Yinmarpin,MMR005016
 Urban,63,1159,1222,Salingyi,MMR005018
 Rural,489,24756,25245,Salingyi,MMR005018
 Total,552,25915,26467,Salingyi,MMR005018
 Urban,105,826,931,Palae,MMR005019
 Rural,1061,30370,31431,Palae,MMR005019
 Total,1166,31196,32362,Palae,MMR005019
 Urban,50,1088,1138,Kani,MMR005017
 Rural,1287,26798,28085,Kani,MMR005017
 Total,1337,27886,29223,Kani,MMR005017
 Urban,1626,13756,15382,Dawei,MMR006001
 Rural,403,9158,9561,Dawei,MMR006001
 Total,2029,22914,24943,Dawei,MMR006001
 Urban,106,1134,1240,Lounglon,MMR006002
 Rural,746,23749,24495,Lounglon,MMR006002
 Total,852,24883,25735,Lounglon,MMR006002
 Urban,194,2213,2407,Thayetchaung,MMR006003
 Rural,633,19834,20467,Thayetchaung,MMR006003
 Total,827,22047,22874,Thayetchaung,MMR006003
 Urban,33,1044,1077,Yebyu,MMR006004
 Rural,651,20345,20996,Yebyu,MMR006004
 Total,684,21389,22073,Yebyu,MMR006004
 Urban,15,481,496,Myitta(ST),MMR006001
 Rural,103,3591,3694,Myitta(ST),MMR006001
 Total,118,4072,4190,Myitta(ST),MMR006001
 Urban,45,579,624,Kaleinaung(ST),MMR006004
 Rural,120,3533,3653,Kaleinaung(ST),MMR006004
 Total,165,4112,4277,Kaleinaung(ST),MMR006004
 Urban,1295,20253,21548,Myeik,MMR006005
 Rural,1054,31747,32801,Myeik,MMR006005
 Total,2349,52000,54349,Myeik,MMR006005
 Urban,90,1052,1142,Kyunsu,MMR006006
 Rural,1125,30721,31846,Kyunsu,MMR006006
 Total,1215,31773,32988,Kyunsu,MMR006006
 Urban,309,3262,3571,Palaw,MMR006007
 Rural,598,14356,14954,Palaw,MMR006007
 Total,907,17618,18525,Palaw,MMR006007
 Urban,34,1092,1126,Tanintharyi,MMR006008
 Rural,582,18221,18803,Tanintharyi,MMR006008
 Total,616,19313,19929,Tanintharyi,MMR006008
 Urban,115,1096,1211,Palauk(ST),MMR006007
 Rural,180,5737,5917,Palauk(ST),MMR006007
 Total,295,6833,7128,Palauk(ST),MMR006007
 Urban,766,11814,12580,Kawthoung,MMR006009
 Rural,532,12369,12901,Kawthoung,MMR006009
 Total,1298,24183,25481,Kawthoung,MMR006009
 Urban,35,1012,1047,Bokepyin,MMR006010
 Rural,387,7442,7829,Bokepyin,MMR006010
 Total,422,8454,8876,Bokepyin,MMR006010
 Urban,124,2231,2355,Khamaukgyi,MMR006009
 Rural,16,2494,2510,Khamaukgyi,MMR006009
 Total,140,4725,4865,Khamaukgyi,MMR006009
 Urban,17,698,715,Pyigyimandaing,MMR006010
 Rural,60,2329,2389,Pyigyimandaing,MMR006010
 Total,77,3027,3104,Pyigyimandaing,MMR006010
 Urban,32,254,286,Karathuri(ST),MMR006010
 Rural,96,3380,3476,Karathuri(ST),MMR006010
 Total,128,3634,3762,Karathuri(ST),MMR006010
 Urban,4059,50833,54892,Bago,MMR007001
 Rural,1323,50917,52240,Bago,MMR007001
 Total,5382,101750,107132,Bago,MMR007001
 Urban,288,3341,3629,Tanatpin,MMR007002
 Rural,1148,27750,28898,Tanatpin,MMR007002
 Total,1436,31091,32527,Tanatpin,MMR007002
 Urban,355,3899,4254,Kawa,MMR007003
 Rural,2115,39706,41821,Kawa,MMR007003
 Total,2470,43605,46075,Kawa,MMR007003
 Urban,520,4526,5046,Waw,MMR007004
 Rural,1156,30881,32037,Waw,MMR007004
 Total,1676,35407,37083,Waw,MMR007004
 Urban,1102,11960,13062,Nyaunglebin,MMR007005
 Rural,1067,30633,31700,Nyaunglebin,MMR007005
 Total,2169,42593,44762,Nyaunglebin,MMR007005
 Urban,618,6255,6873,Kyauktaga,MMR007006
 Rural,1251,43524,44775,Kyauktaga,MMR007006
 Total,1869,49779,51648,Kyauktaga,MMR007006
 Urban,457,8283,8740,Daik U,MMR007007
 Rural,1327,35686,37013,Daik U,MMR007007
 Total,1784,43969,45753,Daik U,MMR007007
 Urban,477,4388,4865,Shwegyin,MMR007008
 Rural,651,16266,16917,Shwegyin,MMR007008
 Total,1128,20654,21782,Shwegyin,MMR007008
 Urban,1876,20024,21900,Toungoo,MMR007009
 Rural,672,34888,35560,Toungoo,MMR007009
 Total,2548,54912,57460,Toungoo,MMR007009
 Urban,523,5432,5955,Yaedashe,MMR007010
 Rural,877,43695,44572,Yaedashe,MMR007010
 Total,1400,49127,50527,Yaedashe,MMR007010
 Urban,104,2154,2258,Kyaukkyi,MMR007011
 Rural,1082,19543,20625,Kyaukkyi,MMR007011
 Total,1186,21697,22883,Kyaukkyi,MMR007011
 Urban,1135,12692,13827,Pyu,MMR007012
 Rural,1153,39951,41104,Pyu,MMR007012
 Total,2288,52643,54931,Pyu,MMR007012
 Urban,181,3028,3209,Oatwin,MMR007013
 Rural,555,33106,33661,Oatwin,MMR007013
 Total,736,36134,36870,Oatwin,MMR007013
 Urban,102,2274,2376,Htantapin,MMR007014
 Rural,658,23747,24405,Htantapin,MMR007014
 Total,760,26021,26781,Htantapin,MMR007014
 Urban,2804,26011,28815,Pyay,MMR008001
 Rural,589,29153,29742,Pyay,MMR008001
 Total,3393,55164,58557,Pyay,MMR008001
 Urban,370,3236,3606,Paukkhaung,MMR008002
 Rural,593,28148,28741,Paukkhaung,MMR008002
 Total,963,31384,32347,Paukkhaung,MMR008002
 Urban,445,4023,4468,Padaung,MMR008003
 Rural,907,33517,34424,Padaung,MMR008003
 Total,1352,37540,38892,Padaung,MMR008003
 Urban,724,5757,6481,Paunde,MMR008004
 Rural,392,29827,30219,Paunde,MMR008004
 Total,1116,35584,36700,Paunde,MMR008004
 Urban,349,3917,4266,Thegon,MMR008005
 Rural,531,31153,31684,Thegon,MMR008005
 Total,880,35070,35950,Thegon,MMR008005
 Urban,356,4162,4518,Shwedaung,MMR008006
 Rural,604,28442,29046,Shwedaung,MMR008006
 Total,960,32604,33564,Shwedaung,MMR008006
 Urban,700,7464,8164,Tharyarwaddy,MMR008007
 Rural,413,28049,28462,Tharyarwaddy,MMR008007
 Total,1113,35513,36626,Tharyarwaddy,MMR008007
 Urban,609,5126,5735,Letpadan,MMR008008
 Rural,855,36894,37749,Letpadan,MMR008008
 Total,1464,42020,43484,Letpadan,MMR008008
 Urban,390,2312,2702,Minhla,MMR009013
 Rural,417,27775,28192,Minhla,MMR009013
 Total,807,30087,30894,Minhla,MMR009013
 Urban,263,2537,2800,Okpo,MMR008010
 Rural,459,28635,29094,Okpo,MMR008010
 Total,722,31172,31894,Okpo,MMR008010
 Urban,422,3545,3967,Zigon,MMR008011
 Rural,125,14118,14243,Zigon,MMR008011
 Total,547,17663,18210,Zigon,MMR008011
 Urban,710,3932,4642,Nattalin,MMR008012
 Rural,582,40545,41127,Nattalin,MMR008012
 Total,1292,44477,45769,Nattalin,MMR008012
 Urban,238,2142,2380,Monyo,MMR008013
 Rural,589,30318,30907,Monyo,MMR008013
 Total,827,32460,33287,Monyo,MMR008013
 Urban,744,4840,5584,Gyobingauk,MMR008014
 Rural,259,24743,25002,Gyobingauk,MMR008014
 Total,1003,29583,30586,Gyobingauk,MMR008014
 Urban,2718,17152,19870,Magway,MMR009001
 Rural,1117,47690,48807,Magway,MMR009001
 Total,3835,64842,68677,Magway,MMR009001
 Urban,612,10064,10676,Yenangyoung,MMR009002
 Rural,678,21146,21824,Yenangyoung,MMR009002
 Total,1290,31210,32500,Yenangyoung,MMR009002
 Urban,875,9526,10401,Chauk,MMR009003
 Rural,1351,32866,34217,Chauk,MMR009003
 Total,2226,42392,44618,Chauk,MMR009003
 Urban,761,9294,10055,Taungdwingyi,MMR009004
 Rural,1528,48680,50208,Taungdwingyi,MMR009004
 Total,2289,57974,60263,Taungdwingyi,MMR009004
 Urban,157,1589,1746,Myothit,MMR009005
 Rural,818,34384,35202,Myothit,MMR009005
 Total,975,35973,36948,Myothit,MMR009005
 Urban,445,2729,3174,Natmauk,MMR009006
 Rural,856,44396,45252,Natmauk,MMR009006
 Total,1301,47125,48426,Natmauk,MMR009006
 Urban,672,8518,9190,Minbu,MMR009007
 Rural,675,33952,34627,Minbu,MMR009007
 Total,1347,42470,43817,Minbu,MMR009007
 Urban,164,1290,1454,Pwint Phyu,MMR009008
 Rural,991,37319,38310,Pwint Phyu,MMR009008
 Total,1155,38609,39764,Pwint Phyu,MMR009008
 Urban,94,885,979,Ngape,MMR009009
 Rural,303,11175,11478,Ngape,MMR009009
 Total,397,12060,12457,Ngape,MMR009009
 Urban,319,2467,2786,Salin,MMR009010
 Rural,1407,51412,52819,Salin,MMR009010
 Total,1726,53879,55605,Salin,MMR009010
 Urban,19,1506,1525,Saytottara,MMR009011
 Rural,65,9190,9255,Saytottara,MMR009011
 Total,84,10696,10780,Saytottara,MMR009011
 Urban,277,4286,4563,Thayet,MMR009012
 Rural,125,21284,21409,Thayet,MMR009012
 Total,402,25570,25972,Thayet,MMR009012
 Urban,377,2604,2981,Minhla,MMR009013
 Rural,372,28269,28641,Minhla,MMR009013
 Total,749,30873,31622,Minhla,MMR009013
 Urban,163,1107,1270,Mindon,MMR009014
 Rural,728,14811,15539,Mindon,MMR009014
 Total,891,15918,16809,Mindon,MMR009014
 Urban,91,1203,1294,Kamma,MMR009015
 Rural,608,17241,17849,Kamma,MMR009015
 Total,699,18444,19143,Kamma,MMR009015
 Urban,1024,10601,11625,Aunglan,MMR009016
 Rural,368,45616,45984,Aunglan,MMR009016
 Total,1392,56217,57609,Aunglan,MMR009016
 Urban,65,1216,1281,Sinpaungwe`,MMR009017
 Rural,636,26767,27403,Sinpaungwe`,MMR009017
 Total,701,27983,28684,Sinpaungwe`,MMR009017
 Urban,1772,17297,19069,Pakokku,MMR009018
 Rural,1385,45886,47271,Pakokku,MMR009018
 Total,3157,63183,66340,Pakokku,MMR009018
 Urban,636,4263,4899,Yesagyo,MMR009019
 Rural,1039,41394,42433,Yesagyo,MMR009019
 Total,1675,45657,47332,Yesagyo,MMR009019
 Urban,444,1357,1801,Myaing,MMR009020
 Rural,1257,50583,51840,Myaing,MMR009020
 Total,1701,51940,53641,Myaing,MMR009020
 Urban,309,1392,1701,Pauk,MMR009021
 Rural,946,36318,37264,Pauk,MMR009021
 Total,1255,37710,38965,Pauk,MMR009021
 Urban,201,1928,2129,Seikphyu,MMR009022
 Rural,661,20637,21298,Seikphyu,MMR009022
 Total,862,22565,23427,Seikphyu,MMR009022
 Urban,417,2841,3258,Gangaw,MMR009023
 Rural,693,25961,26654,Gangaw,MMR009023
 Total,1110,28802,29912,Gangaw,MMR009023
 Urban,25,1098,1123,Htilin,MMR009024
 Rural,375,9034,9409,Htilin,MMR009024
 Total,400,10132,10532,Htilin,MMR009024
 Urban,5,1256,1261,Saw,MMR009025
 Rural,198,6866,7064,Saw,MMR009025
 Total,203,8122,8325,Saw,MMR009025
 Urban,23,1117,1140,Kyaukhtu(ST),MMR009025
 Rural,300,6169,6469,Kyaukhtu(ST),MMR009025
 Total,323,7286,7609,Kyaukhtu(ST),MMR009025
 Urban,4255,45476,49731,Aungmyetharzan,MMR010001
 Total,4255,45476,49731,Aungmyetharzan,MMR010001
 Urban,5950,27331,33281,Chanayeharzan,MMR010002
 Total,5950,27331,33281,Chanayeharzan,MMR010002
 Urban,3958,37969,41927,Mahaaungmye,MMR010003
 Total,3958,37969,41927,Mahaaungmye,MMR010003
 Urban,2904,50143,53047,Chanmyatharzi,MMR010004
 Total,2904,50143,53047,Chanmyatharzi,MMR010004
 Urban,1965,41910,43875,Pyigyidagun,MMR010005
 Total,1965,41910,43875,Pyigyidagun,MMR010005
 Urban,699,15931,16630,Amarapura,MMR010006
 Rural,687,32309,32996,Amarapura,MMR010006
 Total,1386,48240,49626,Amarapura,MMR010006
 Urban,368,2334,2702,Patheingyi,MMR010007
 Rural,1114,49174,50288,Patheingyi,MMR010007
 Total,1482,51508,52990,Patheingyi,MMR010007
 Urban,2159,29782,31941,Pyin Oo Lwin,MMR010008
 Rural,598,20843,21441,Pyin Oo Lwin,MMR010008
 Total,2757,50625,53382,Pyin Oo Lwin,MMR010008
 Urban,693,4618,5311,Madaya,MMR010009
 Rural,1474,51860,53334,Madaya,MMR010009
 Total,2167,56478,58645,Madaya,MMR010009
 Urban,115,1617,1732,Sinku,MMR010010
 Rural,1592,31209,32801,Sinku,MMR010010
 Total,1707,32826,34533,Sinku,MMR010010
 Urban,942,15744,16686,Mogok,MMR010011
 Rural,643,17918,18561,Mogok,MMR010011
 Total,1585,33662,35247,Mogok,MMR010011
 Urban,86,1102,1188,Thabeikkyin,MMR010012
 Rural,1052,23509,24561,Thabeikkyin,MMR010012
 Total,1138,24611,25749,Thabeikkyin,MMR010012
 Urban,178,1615,1793,Tagaung,MMR010012
 Rural,149,5450,5599,Tagaung,MMR010012
 Total,327,7065,7392,Tagaung,MMR010012
 Urban,567,7924,8491,Kyaukse,MMR010013
 Rural,502,48772,49274,Kyaukse,MMR010013
 Total,1069,56696,57765,Kyaukse,MMR010013
 Urban,236,1544,1780,Singaing,MMR010014
 Rural,554,31245,31799,Singaing,MMR010014
 Total,790,32789,33579,Singaing,MMR010014
 Urban,283,4063,4346,Myitthar,MMR010015
 Rural,680,40991,41671,Myitthar,MMR010015
 Total,963,45054,46017,Myitthar,MMR010015
 Urban,297,2355,2652,Tada U,MMR010016
 Rural,501,29474,29975,Tada U,MMR010016
 Total,798,31829,32627,Tada U,MMR010016
 Urban,1420,17477,18897,Myingyan,MMR010017
 Rural,1294,42149,43443,Myingyan,MMR010017
 Total,2714,59626,62340,Myingyan,MMR010017
 Urban,595,3268,3863,Taungtha,MMR010018
 Rural,1328,44661,45989,Taungtha,MMR010018
 Total,1923,47929,49852,Taungtha,MMR010018
 Urban,369,2473,2842,Natogyi,MMR010019
 Rural,1658,36465,38123,Natogyi,MMR010019
 Total,2027,38938,40965,Natogyi,MMR010019
 Urban,1566,7447,9013,Kyaukpadaung,MMR010020
 Rural,1293,51655,52948,Kyaukpadaung,MMR010020
 Total,2859,59102,61961,Kyaukpadaung,MMR010020
 Urban,147,1510,1657,Ngazun,MMR010021
 Rural,1025,25156,26181,Ngazun,MMR010021
 Total,1172,26666,27838,Ngazun,MMR010021
 Urban,694,8821,9515,Nyaung U,MMR010022
 Rural,913,34234,35147,Nyaung U,MMR010022
 Total,1607,43055,44662,Nyaung U,MMR010022
 Urban,499,4828,5327,Yame`thin,MMR010023
 Rural,737,51195,51932,Yame`thin,MMR010023
 Total,1236,56023,57259,Yame`thin,MMR010023
 Urban,685,6189,6874,Pyawbwe,MMR010024
 Rural,1110,50879,51989,Pyawbwe,MMR010024
 Total,1795,57068,58863,Pyawbwe,MMR010024
 Urban,2199,21764,23963,Meiktila,MMR010028
 Rural,1017,43459,44476,Meiktila,MMR010028
 Total,3216,65223,68439,Meiktila,MMR010028
 Urban,496,4224,4720,Thazi,MMR010030
 Rural,881,39291,40172,Thazi,MMR010030
 Total,1377,43515,44892,Thazi,MMR010030
 Urban,511,6789,7300,Wundwin,MMR010031
 Rural,1668,44601,46269,Wundwin,MMR010031
 Total,2179,51390,53569,Wundwin,MMR010031
 Urban,3553,46181,49734,Mawlamyine,MMR011001
 Rural,179,7544,7723,Mawlamyine,MMR011001
 Total,3732,53725,57457,Mawlamyine,MMR011001
 Urban,121,2055,2176,Kyaikemaraw,MMR011002
 Rural,1581,35131,36712,Kyaikemaraw,MMR011002
 Total,1702,37186,38888,Kyaikemaraw,MMR011002
 Urban,176,1568,1744,Chaungzon,MMR011003
 Rural,1159,25041,26200,Chaungzon,MMR011003
 Total,1335,26609,27944,Chaungzon,MMR011003
 Urban,1047,10668,11715,Thanbyuzayat,MMR011004
 Rural,944,23575,24519,Thanbyuzayat,MMR011004
 Total,1991,34243,36234,Thanbyuzayat,MMR011004
 Urban,833,9959,10792,Mudon,MMR011005
 Rural,872,27648,28520,Mudon,MMR011005
 Total,1705,37607,39312,Mudon,MMR011005
 Urban,507,5606,6113,Ye,MMR011006
 Rural,659,23219,23878,Ye,MMR011006
 Total,1166,28825,29991,Ye,MMR011006
 Urban,144,2823,2967,Lamine,MMR011006
 Rural,587,15085,15672,Lamine,MMR011006
 Total,731,17908,18639,Lamine,MMR011006
 Urban,124,654,778,Khawzar,MMR011006
 Rural,131,3909,4040,Khawzar,MMR011006
 Total,255,4563,4818,Khawzar,MMR011006
 Urban,723,9983,10706,Thaton,MMR011007
 Rural,1279,36299,37578,Thaton,MMR011007
 Total,2002,46282,48284,Thaton,MMR011007
 Urban,329,5573,5902,Paung,MMR011008
 Rural,1585,36239,37824,Paung,MMR011008
 Total,1914,41812,43726,Paung,MMR011008
 Urban,426,7090,7516,Kyaikto,MMR011009
 Rural,1210,29362,30572,Kyaikto,MMR011009
 Total,1636,36452,38088,Kyaikto,MMR011009
 Urban,331,3713,4044,Bilin,MMR011010
 Rural,899,34288,35187,Bilin,MMR011010
 Total,1230,38001,39231,Bilin,MMR011010
 Urban,1372,17534,18906,Sittway,MMR012001
 Rural,128,10002,10130,Sittway,MMR012001
 Total,1500,27536,29036,Sittway,MMR012001
 Urban,48,2418,2466,Ponnagyun,MMR012002
 Rural,473,22396,22869,Ponnagyun,MMR012002
 Total,521,24814,25335,Ponnagyun,MMR012002
 Urban,74,2396,2470,Pauktaw,MMR012007
 Rural,521,27553,28074,Pauktaw,MMR012007
 Total,595,29949,30544,Pauktaw,MMR012007
 Urban,15,1495,1510,Yethedaung,MMR012008
 Rural,979,21852,22831,Yethedaung,MMR012008
 Total,994,23347,24341,Yethedaung,MMR012008
 Urban,281,6993,7274,Myauk U,MMR012003
 Rural,723,33528,34251,Myauk U,MMR012003
 Total,1004,40521,41525,Myauk U,MMR012003
 Urban,222,3617,3839,Kyauktaw,MMR012004
 Rural,753,31903,32656,Kyauktaw,MMR012004
 Total,975,35520,36495,Kyauktaw,MMR012004
 Urban,185,4430,4615,Minbya,MMR012005
 Rural,558,31455,32013,Minbya,MMR012005
 Total,743,35885,36628,Minbya,MMR012005
 Urban,30,2588,2618,Myebon,MMR012006
 Rural,539,28182,28721,Myebon,MMR012006
 Total,569,30770,31339,Myebon,MMR012006
 Urban,131,2183,2314,Maungtaw,MMR012009
 Rural,138,4938,5076,Maungtaw,MMR012009
 Total,269,7121,7390,Maungtaw,MMR012009
 Urban,45,2017,2062,Buthidaung,MMR012010
 Rural,214,8988,9202,Buthidaung,MMR012010
 Total,259,11005,11264,Buthidaung,MMR012010
 Urban,5,153,158,Taungpyoletwe(ST),MMR012009
 Rural,2,346,348,Taungpyoletwe(ST),MMR012009
 Total,7,499,506,Taungpyoletwe(ST),MMR012009
 Urban,432,3822,4254,Kyaukpyu,MMR012011
 Rural,498,32512,33010,Kyaukpyu,MMR012011
 Total,930,36334,37264,Kyaukpyu,MMR012011
 Urban,16,1290,1306,Mannaung,MMR017011
 Rural,315,13114,13429,Mannaung,MMR017011
 Total,331,14404,14735,Mannaung,MMR017011
 Urban,46,2202,2248,Yanbye,MMR012013
 Rural,187,19983,20170,Yanbye,MMR012013
 Total,233,22185,22418,Yanbye,MMR012013
 Urban,51,1827,1878,An,MMR012014
 Rural,825,24656,25481,An,MMR012014
 Total,876,26483,27359,An,MMR012014
 Urban,392,2958,3350,Thandwe,MMR012015
 Rural,831,26894,27725,Thandwe,MMR012015
 Total,1223,29852,31075,Thandwe,MMR012015
 Urban,480,5698,6178,Toungup,MMR012016
 Rural,436,18625,19061,Toungup,MMR012016
 Total,916,24323,25239,Toungup,MMR012016
 Urban,44,2444,2488,Gwa,MMR012017
 Rural,258,8499,8757,Gwa,MMR012017
 Total,302,10943,11245,Gwa,MMR012017
 Urban,68,1147,1215,Maei(ST),MMR012016
 Rural,253,8485,8738,Maei(ST),MMR012016
 Total,321,9632,9953,Maei(ST),MMR012016
 Urban,69,1406,1475,Kyeintali(ST),MMR012017
 Rural,249,4357,4606,Kyeintali(ST),MMR012017
 Total,318,5763,6081,Kyeintali(ST),MMR012017
 Urban,4760,56916,61676,Insein,MMR013001
 Total,4760,56916,61676,Insein,MMR013001
 Urban,2414,39227,41641,Mingaladon,MMR013002
 Rural,748,23914,24662,Mingaladon,MMR013002
 Total,3162,63141,66303,Mingaladon,MMR013002
 Urban,399,5543,5942,Hmawby,MMR013003
 Rural,1178,49349,50527,Hmawby,MMR013003
 Total,1577,54892,56469,Hmawby,MMR013003
 Urban,874,7875,8749,Hlegu,MMR013004
 Rural,1437,47837,49274,Hlegu,MMR013004
 Total,2311,55712,58023,Hlegu,MMR013004
 Urban,1242,19117,20359,Taikkyi,MMR013005
 Rural,1412,45228,46640,Taikkyi,MMR013005
 Total,2654,64345,66999,Taikkyi,MMR013005
 Urban,147,1909,2056,Htantabin,MMR013006
 Rural,960,31195,32155,Htantabin,MMR013006
 Total,1107,33104,34211,Htantabin,MMR013006
 Urban,1918,56593,58511,Shwepyitha,MMR013007
 Rural,239,15025,15264,Shwepyitha,MMR013007
 Total,2157,71618,73775,Shwepyitha,MMR013007
 Urban,3203,100604,103807,Hlinethaya,MMR013008
 Rural,981,43923,44904,Hlinethaya,MMR013008
 Total,4184,144527,148711,Hlinethaya,MMR013008
 Urban,5497,37823,43320,Thingangyun,MMR013009
 Total,5497,37823,43320,Thingangyun,MMR013009
 Urban,4093,10544,14637,Yankin,MMR013010
 Total,4093,10544,14637,Yankin,MMR013010
 Urban,4461,28264,32725,South Okkalapa,MMR013011
 Total,4461,28264,32725,South Okkalapa,MMR013011
 Urban,3195,61561,64756,North Okkalapa,MMR013012
 Total,3195,61561,64756,North Okkalapa,MMR013012
 Urban,2254,43202,45456,Thakayta,MMR013013
 Total,2254,43202,45456,Thakayta,MMR013013
 Urban,554,13855,14409,Dawbon,MMR013014
 Total,554,13855,14409,Dawbon,MMR013014
 Urban,7268,28092,35360,Tamway,MMR013015
 Total,7268,28092,35360,Tamway,MMR013015
 Urban,3530,6776,10306,Pazuntaung,MMR013016
 Total,3530,6776,10306,Pazuntaung,MMR013016
 Urban,2728,5669,8397,Botahtaung,MMR013017
 Total,2728,5669,8397,Botahtaung,MMR013017
 Urban,2592,74392,76984,Dagon Myothit(South),MMR013018
 Total,2592,74392,76984,Dagon Myothit(South),MMR013018
 Urban,3789,38915,42704,Dagon Myothit(North),MMR013019
 Total,3789,38915,42704,Dagon Myothit(North),MMR013019
 Urban,699,31196,31895,Dagon Myothit(East),MMR013020
 Rural,47,1971,2018,Dagon Myothit(East),MMR013020
 Total,746,33167,33913,Dagon Myothit(East),MMR013020
 Urban,684,33488,34172,Dagon Myothit(Seik),MMR013021
 Rural,98,3635,3733,Dagon Myothit(Seik),MMR013021
 Total,782,37123,37905,Dagon Myothit(Seik),MMR013021
 Urban,5029,20889,25918,Mingala Taungnyunt,MMR013022
 Total,5029,20889,25918,Mingala Taungnyunt,MMR013022
 Urban,1341,17368,18709,Thanlyin,MMR013023
 Rural,1065,41823,42888,Thanlyin,MMR013023
 Total,2406,59191,61597,Thanlyin,MMR013023
 Urban,637,9227,9864,Kyauktan,MMR013024
 Rural,874,22238,23112,Kyauktan,MMR013024
 Total,1511,31465,32976,Kyauktan,MMR013024
 Urban,741,6015,6756,Thongwa,MMR013025
 Rural,1513,31818,33331,Thongwa,MMR013025
 Total,2254,37833,40087,Thongwa,MMR013025
 Urban,739,7139,7878,Khayan,MMR013026
 Rural,1267,30169,31436,Khayan,MMR013026
 Total,2006,37308,39314,Khayan,MMR013026
 Urban,750,8447,9197,Twantay,MMR013027
 Rural,1990,40415,42405,Twantay,MMR013027
 Total,2740,48862,51602,Twantay,MMR013027
 Urban,171,2060,2231,Kawhmu,MMR013028
 Rural,1128,26433,27561,Kawhmu,MMR013028
 Total,1299,28493,29792,Kawhmu,MMR013028
 Urban,465,3493,3958,Kungyangon,MMR013029
 Rural,936,23458,24394,Kungyangon,MMR013029
 Total,1401,26951,28352,Kungyangon,MMR013029
 Urban,703,24628,25331,Dala,MMR013030
 Rural,283,12298,12581,Dala,MMR013030
 Total,986,36926,37912,Dala,MMR013030
 Urban,2,349,351,Cocogyun,MMR013032
 Total,2,349,351,Cocogyun,MMR013032
 Urban,381,2109,2490,Tada(ST),MMR013024
 Rural,50,6953,7003,Tada(ST),MMR013024
 Total,431,9062,9493,Tada(ST),MMR013024
 Urban,3027,3093,6120,Kyauktada,MMR013033
 Total,3027,3093,6120,Kyauktada,MMR013033
 Urban,3195,3368,6563,Pabedan,MMR013034
 Total,3195,3368,6563,Pabedan,MMR013034
 Urban,4213,4386,8599,Lanmadaw,MMR013035
 Total,4213,4386,8599,Lanmadaw,MMR013035
 Urban,2239,2234,4473,Latha,MMR013036
 Total,2239,2234,4473,Latha,MMR013036
 Urban,2659,8284,10943,Ahlon,MMR013037
 Total,2659,8284,10943,Ahlon,MMR013037
 Urban,2958,20104,23062,Kyimyindine,MMR013038
 Total,2958,20104,23062,Kyimyindine,MMR013038
 Urban,5570,15065,20635,Sangyoung,MMR013039
 Total,5570,15065,20635,Sangyoung,MMR013039
 Urban,5892,26945,32837,Hline,MMR013040
 Total,5892,26945,32837,Hline,MMR013040
 Urban,4029,12270,16299,Kamayut,MMR013041
 Total,4029,12270,16299,Kamayut,MMR013041
 Urban,6026,32781,38807,Mayangon,MMR013042
 Total,6026,32781,38807,Mayangon,MMR013042
 Urban,1779,2829,4608,Dagon,MMR013043
 Total,1779,2829,4608,Dagon,MMR013043
 Urban,4628,12798,17426,Bahan,MMR013044
 Total,4628,12798,17426,Bahan,MMR013044
 Urban,14,396,410,Seikkan,MMR013045
 Total,14,396,410,Seikkan,MMR013045
 Urban,6475,50173,56648,Taunggyi,MMR014001
 Rural,261,25695,25956,Taunggyi,MMR014001
 Total,6736,75868,82604,Taunggyi,MMR014001
 Urban,452,2607,3059,Nyaungshwe,MMR014002
 Rural,358,39217,39575,Nyaungshwe,MMR014002
 Total,810,41824,42634,Nyaungshwe,MMR014002
 Urban,391,4145,4536,Hopon,MMR014003
 Rural,408,19784,20192,Hopon,MMR014003
 Total,799,23929,24728,Hopon,MMR014003
 Urban,199,2450,2649,Hsihseng,MMR014004
 Rural,843,29279,30122,Hsihseng,MMR014004
 Total,1042,31729,32771,Hsihseng,MMR014004
 Urban,1173,11425,12598,Kalaw,MMR014005
 Rural,566,28177,28743,Kalaw,MMR014005
 Total,1739,39602,41341,Kalaw,MMR014005
 Urban,270,1989,2259,Pindaya,MMR014006
 Rural,78,15207,15285,Pindaya,MMR014006
 Total,348,17196,17544,Pindaya,MMR014006
 Urban,14,1141,1155,Ywarngan,MMR014007
 Rural,205,16988,17193,Ywarngan,MMR014007
 Total,219,18129,18348,Ywarngan,MMR014007
 Urban,579,5098,5677,Yatsauk,MMR014008
 Rural,239,20041,20280,Yatsauk,MMR014008
 Total,818,25139,25957,Yatsauk,MMR014008
 Urban,409,2361,2770,Pinlaung,MMR014009
 Rural,319,22415,22734,Pinlaung,MMR014009
 Total,728,24776,25504,Pinlaung,MMR014009
 Urban,384,3047,3431,Phekon,MMR014010
 Rural,416,16237,16653,Phekon,MMR014010
 Total,800,19284,20084,Phekon,MMR014010
 Urban,37,565,602,Kyauktalongyi(ST),MMR014001
 Rural,208,11455,11663,Kyauktalongyi(ST),MMR014001
 Total,245,12020,12265,Kyauktalongyi(ST),MMR014001
 Urban,20,1816,1836,Indaw(ST),MMR014008
 Rural,63,6251,6314,Indaw(ST),MMR014008
 Total,83,8067,8150,Indaw(ST),MMR014008
 Urban,10,969,979,Naungtayar(ST),MMR014009
 Rural,241,15359,15600,Naungtayar(ST),MMR014009
 Total,251,16328,16579,Naungtayar(ST),MMR014009
 Urban,168,2685,2853,Loilem,MMR014011
 Rural,68,7980,8048,Loilem,MMR014011
 Total,236,10665,10901,Loilem,MMR014011
 Urban,350,980,1330,Le`char,MMR014012
 Rural,226,7234,7460,Le`char,MMR014012
 Total,576,8214,8790,Le`char,MMR014012
 Urban,561,4280,4841,Nanhsam(South),MMR014013
 Rural,148,13874,14022,Nanhsam(South),MMR014013
 Total,709,18154,18863,Nanhsam(South),MMR014013
 Urban,268,1274,1542,Kunhing,MMR014014
 Rural,66,2962,3028,Kunhing,MMR014014
 Total,334,4236,4570,Kunhing,MMR014014
 Urban,18,824,842,Kehsi,MMR014015
 Rural,181,7878,8059,Kehsi,MMR014015
 Total,199,8702,8901,Kehsi,MMR014015
 Urban,28,2191,2219,Mongkai,MMR014016
 Rural,70,14043,14113,Mongkai,MMR014016
 Total,98,16234,16332,Mongkai,MMR014016
 Urban,30,2053,2083,Mineshu,MMR014017
 Rural,77,7041,7118,Mineshu,MMR014017
 Total,107,9094,9201,Mineshu,MMR014017
 Urban,296,4928,5224,Panglong(ST),MMR014011
 Rural,59,9233,9292,Panglong(ST),MMR014011
 Total,355,14161,14516,Panglong(ST),MMR014011
 Urban,77,1671,1748,Kholan(ST),MMR014013
 Rural,44,2572,2616,Kholan(ST),MMR014013
 Total,121,4243,4364,Kholan(ST),MMR014013
 Urban,61,1604,1665,Karli(ST),MMR014014
 Rural,66,4836,4902,Karli(ST),MMR014014
 Total,127,6440,6567,Karli(ST),MMR014014
 Urban,40,712,752,Minenaung(ST),MMR014015
 Rural,115,4944,5059,Minenaung(ST),MMR014015
 Total,155,5656,5811,Minenaung(ST),MMR014015
 Urban,8,499,507,Minesan(Monsan)(ST),MMR014017
 Rural,45,6114,6159,Minesan(Monsan)(ST),MMR014017
 Total,53,6613,6666,Minesan(Monsan)(ST),MMR014017
 Urban,157,1561,1718,Linkhe`,MMR014018
 Rural,467,6203,6670,Linkhe`,MMR014018
 Total,624,7764,8388,Linkhe`,MMR014018
 Urban,12,2091,2103,Mone`,MMR014019
 Rural,20,4101,4121,Mone`,MMR014019
 Total,32,6192,6224,Mone`,MMR014019
 Urban,6,1186,1192,Maukme`,MMR014020
 Rural,14,5988,6002,Maukme`,MMR014020
 Total,20,7174,7194,Maukme`,MMR014020
 Urban,23,1936,1959,Minepan,MMR014021
 Rural,94,3368,3462,Minepan,MMR014021
 Total,117,5304,5421,Minepan,MMR014021
 Urban,35,639,674,Homane(ST),MMR014018
 Rural,4,482,486,Homane(ST),MMR014018
 Total,39,1121,1160,Homane(ST),MMR014018
 Urban,24,2073,2097,Kengtaung(ST),MMR014019
 Rural,-,164,164,Kengtaung(ST),MMR014019
 Total,24,2237,2261,Kengtaung(ST),MMR014019
 Urban,3614,30485,34099,Lashio,MMR015001
 Rural,716,30117,30833,Lashio,MMR015001
 Total,4330,60602,64932,Lashio,MMR015001
 Urban,300,1623,1923,Theinni,MMR015002
 Rural,228,9628,9856,Theinni,MMR015002
 Total,528,11251,11779,Theinni,MMR015002
 Urban,20,1450,1470,Mineye`,MMR015003
 Rural,251,11607,11858,Mineye`,MMR015003
 Total,271,13057,13328,Mineye`,MMR015003
 Urban,365,6443,6808,Tantyan,MMR015004
 Rural,429,27905,28334,Tantyan,MMR015004
 Total,794,34348,35142,Tantyan,MMR015004
 Urban,1930,11404,13334,MuSe,MMR015009
 Rural,1170,7710,8880,MuSe,MMR015009
 Total,3100,19114,22214,MuSe,MMR015009
 Urban,941,5191,6132,Namkham,MMR015010
 Rural,1025,14260,15285,Namkham,MMR015010
 Total,1966,19451,21417,Namkham,MMR015010
 Urban,557,4126,4683,Kukai,MMR015011
 Rural,640,13708,14348,Kukai,MMR015011
 Total,1197,17834,19031,Kukai,MMR015011
 Urban,20,1449,1469,Monekoe(ST),MMR015009
 Rural,191,2698,2889,Monekoe(ST),MMR015009
 Total,211,4147,4358,Monekoe(ST),MMR015009
 Urban,10,336,346,Manhero(ST),MMR015009
 Rural,65,1232,1297,Manhero(ST),MMR015009
 Total,75,1568,1643,Manhero(ST),MMR015009
 Urban,133,1635,1768,Pansai(KyuKute)(ST),MMR015009
 Rural,537,2238,2775,Pansai(KyuKute)(ST),MMR015009
 Total,670,3873,4543,Pansai(KyuKute)(ST),MMR015009
 Urban,484,2003,2487,Tamoenye(ST),MMR015011
 Rural,615,9947,10562,Tamoenye(ST),MMR015011
 Total,1099,11950,13049,Tamoenye(ST),MMR015011
 Urban,757,7896,8653,Kyukme,MMR015012
 Rural,366,19352,19718,Kyukme,MMR015012
 Total,1123,27248,28371,Kyukme,MMR015012
 Urban,338,3833,4171,Naungkhio,MMR015013
 Rural,901,27152,28053,Naungkhio,MMR015013
 Total,1239,30985,32224,Naungkhio,MMR015013
 Urban,404,3605,4009,Hsipaw,MMR015014
 Rural,821,33076,33897,Hsipaw,MMR015014
 Total,1225,36681,37906,Hsipaw,MMR015014
 Urban,238,3019,3257,Namtu,MMR015015
 Rural,172,8212,8384,Namtu,MMR015015
 Total,410,11231,11641,Namtu,MMR015015
 Urban,129,806,935,Namsan(North),MMR015016
 Rural,187,12563,12750,Namsan(North),MMR015016
 Total,316,13369,13685,Namsan(North),MMR015016
 Urban,181,2052,2233,Momeik,MMR015017
 Rural,301,11118,11419,Momeik,MMR015017
 Total,482,13170,13652,Momeik,MMR015017
 Urban,21,693,714,Mabane,MMR015018
 Rural,607,7311,7918,Mabane,MMR015018
 Total,628,8004,8632,Mabane,MMR015018
 Urban,9,770,779,Manton,MMR015019
 Rural,53,6851,6904,Manton,MMR015019
 Total,62,7621,7683,Manton,MMR015019
 Urban,22,591,613,Minengaw(ST),MMR015012
 Rural,38,3378,3416,Minengaw(ST),MMR015012
 Total,60,3969,4029,Minengaw(ST),MMR015012
 Urban,8,578,586,Minelon(ST),MMR015012
 Rural,55,5215,5270,Minelon(ST),MMR015012
 Total,63,5793,5856,Minelon(ST),MMR015012
 Urban,525,633,1158,Kunlon,MMR015020
 Rural,1361,7873,9234,Kunlon,MMR015020
 Total,1886,8506,10392,Kunlon,MMR015020
 Urban,329,2612,2941,Laukine,MMR015022
 Rural,1583,9707,11290,Laukine,MMR015022
 Total,1912,12319,14231,Laukine,MMR015022
 Urban,91,103,194,Kongyan,MMR015023
 Rural,834,4434,5268,Kongyan,MMR015023
 Total,925,4537,5462,Kongyan,MMR015023
 Urban,63,556,619,Chinshwehaw(ST),MMR015022
 Rural,53,278,331,Chinshwehaw(ST),MMR015022
 Total,116,834,950,Chinshwehaw(ST),MMR015022
 Urban,3,82,85,Mawhtike(ST),MMR015023
 Rural,79,4039,4118,Mawhtike(ST),MMR015023
 Total,82,4121,4203,Mawhtike(ST),MMR015023
 Urban,261,3117,3378,Hopan,MMR015021
 Rural,559,6094,6653,Hopan,MMR015021
 Total,820,9211,10031,Hopan,MMR015021
 Urban,215,638,853,Minemaw,MMR015008
 Rural,678,8914,9592,Minemaw,MMR015008
 Total,893,9552,10445,Minemaw,MMR015008
 Urban,44,425,469,Panwine,MMR015007
 Rural,361,13139,13500,Panwine,MMR015007
 Total,405,13564,13969,Panwine,MMR015007
 Urban,193,468,661,Panlon(ST),MMR015021
 Rural,46,478,524,Panlon(ST),MMR015021
 Total,239,946,1185,Panlon(ST),MMR015021
 Urban,1,66,67,Makman,MMR015024
 Rural,27,3224,3251,Makman,MMR015024
 Total,28,3290,3318,Makman,MMR015024
 Urban,445,1577,2022,Pan San(Pan Kham),MMR015005
 Rural,565,13555,14120,Pan San(Pan Kham),MMR015005
 Total,1010,15132,16142,Pan San(Pan Kham),MMR015005
 Urban,25,130,155,Naphang,MMR015006
 Rural,670,15649,16319,Naphang,MMR015006
 Total,695,15779,16474,Naphang,MMR015006
 Urban,2,79,81,ManKan(ST),MMR015005
 Rural,-,234,234,ManKan(ST),MMR015005
 Total,2,313,315,ManKan(ST),MMR015005
 Urban,1725,7377,9102,Kengtung,MMR016001
 Rural,430,24564,24994,Kengtung,MMR016001
 Total,2155,31941,34096,Kengtung,MMR016001
 Urban,13,545,558,Minekat,MMR016002
 Rural,220,7247,7467,Minekat,MMR016002
 Total,233,7792,8025,Minekat,MMR016002
 Urban,15,974,989,Mineyan,MMR016003
 Rural,1138,7992,9130,Mineyan,MMR016003
 Total,1153,8966,10119,Mineyan,MMR016003
 Urban,112,1448,1560,Minelar,MMR016005
 Rural,341,3307,3648,Minelar,MMR016005
 Total,453,4755,5208,Minelar,MMR016005
 Rural,352,8933,9285,Mine Pauk(ST),MMR016003
 Total,352,8933,9285,Mine Pauk(ST),MMR016003
 Urban,231,1330,1561,Minesat,MMR016006
 Rural,318,14030,14348,Minesat,MMR016006
 Total,549,15360,15909,Minesat,MMR016006
 Urban,209,1124,1333,Minepyin,MMR016007
 Rural,52,9220,9272,Minepyin,MMR016007
 Total,261,10344,10605,Minepyin,MMR016007
 Urban,29,1090,1119,Minetung,MMR016008
 Rural,78,3061,3139,Minetung,MMR016008
 Total,107,4151,4258,Minetung,MMR016008
 Urban,4,280,284,Minekoke(ST),MMR016006
 Rural,41,2877,2918,Minekoke(ST),MMR016006
 Total,45,3157,3202,Minekoke(ST),MMR016006
 Urban,3,424,427,Tontar(ST),MMR016007
 Rural,13,2254,2267,Tontar(ST),MMR016007
 Total,16,2678,2694,Tontar(ST),MMR016007
 Urban,38,683,721,Ponparkyin(ST),MMR016008
 Rural,238,6375,6613,Ponparkyin(ST),MMR016008
 Total,276,7058,7334,Ponparkyin(ST),MMR016008
 Urban,1,90,91,Monehta(ST),MMR016008
 Rural,5,833,838,Monehta(ST),MMR016008
 Total,6,923,929,Monehta(ST),MMR016008
 Urban,1412,9682,11094,Tachileik,MMR016009
 Rural,451,19634,20085,Tachileik,MMR016009
 Total,1863,29316,31179,Tachileik,MMR016009
 Urban,49,824,873,Talay(ST),MMR016009
 Rural,147,2998,3145,Talay(ST),MMR016009
 Total,196,3822,4018,Talay(ST),MMR016009
 Urban,58,704,762,Kenglat(ST),MMR016009
 Rural,93,1621,1714,Kenglat(ST),MMR016009
 Total,151,2325,2476,Kenglat(ST),MMR016009
 Urban,191,1132,1323,Minephyat,MMR016010
 Rural,71,4771,4842,Minephyat,MMR016010
 Total,262,5903,6165,Minephyat,MMR016010
 Urban,130,1060,1190,Mineyaung,MMR016011
 Rural,642,4497,5139,Mineyaung,MMR016011
 Total,772,5557,6329,Mineyaung,MMR016011
 Urban,10,221,231,Mineyu(ST),MMR016011
 Rural,789,9847,10636,Mineyu(ST),MMR016011
 Total,799,10068,10867,Mineyu(ST),MMR016011
 Urban,135,2539,2674,Kangyidaunt,MMR017002
 Rural,1193,39099,40292,Kangyidaunt,MMR017002
 Total,1328,41638,42966,Kangyidaunt,MMR017002
 Urban,286,3664,3950,Kyaungon,MMR017007
 Rural,821,36631,37452,Kyaungon,MMR017007
 Total,1107,40295,41402,Kyaungon,MMR017007
 Urban,563,5436,5999,Kyonpyaw,MMR017005
 Rural,2794,50695,53489,Kyonpyaw,MMR017005
 Total,3357,56131,59488,Kyonpyaw,MMR017005
 Urban,158,2383,2541,Ngaputaw,MMR017004
 Rural,1981,32854,34835,Ngaputaw,MMR017004
 Total,2139,35237,37376,Ngaputaw,MMR017004
 Urban,2985,34456,37441,Pathein,MMR017001
 Rural,735,27860,28595,Pathein,MMR017001
 Total,3720,62316,66036,Pathein,MMR017001
 Urban,320,2446,2766,Yekyi,MMR017006
 Rural,1104,23932,25036,Yekyi,MMR017006
 Total,1424,26378,27802,Yekyi,MMR017006
 Urban,93,1647,1740,Thapaung,MMR017003
 Rural,714,34783,35497,Thapaung,MMR017003
 Total,807,36430,37237,Thapaung,MMR017003
 Urban,5,828,833,Ngayokaung(ST),MMR017004
 Rural,196,9172,9368,Ngayokaung(ST),MMR017004
 Total,201,10000,10201,Ngayokaung(ST),MMR017004
 Urban,30,3519,3549,Hainggyikyun(ST),MMR017004
 Rural,569,24957,25526,Hainggyikyun(ST),MMR017004
 Total,599,28476,29075,Hainggyikyun(ST),MMR017004
 Urban,4,815,819,Shwethaungyan(ST),MMR017001
 Rural,263,9099,9362,Shwethaungyan(ST),MMR017001
 Total,267,9914,10181,Shwethaungyan(ST),MMR017001
 Urban,100,2575,2675,Ngwehsaung(ST),MMR017001
 Rural,142,6653,6795,Ngwehsaung(ST),MMR017001
 Total,242,9228,9470,Ngwehsaung(ST),MMR017001
 Urban,452,4145,4597,Ngathaingchaung(ST),MMR017006
 Rural,1159,17157,18316,Ngathaingchaung(ST),MMR017006
 Total,1611,21302,22913,Ngathaingchaung(ST),MMR017006
 Urban,429,4988,5417,Kyaiklatt,MMR017025
 Rural,2188,36143,38331,Kyaiklatt,MMR017025
 Total,2617,41131,43748,Kyaiklatt,MMR017025
 Urban,315,3251,3566,Daydaye,MMR017026
 Rural,2294,42750,45044,Daydaye,MMR017026
 Total,2609,46001,48610,Daydaye,MMR017026
 Urban,945,9109,10054,Phyapon,MMR017023
 Rural,1556,30020,31576,Phyapon,MMR017023
 Total,2501,39129,41630,Phyapon,MMR017023
 Urban,645,9470,10115,Bogale,MMR017024
 Rural,2750,63122,65872,Bogale,MMR017024
 Total,3395,72592,75987,Bogale,MMR017024
 Urban,17,760,777,Ahmar(ST),MMR017023
 Rural,696,26313,27009,Ahmar(ST),MMR017023
 Total,713,27073,27786,Ahmar(ST),MMR017023
 Urban,494,5406,5900,Nyaungdon,MMR017021
 Rural,1525,43776,45301,Nyaungdon,MMR017021
 Total,2019,49182,51201,Nyaungdon,MMR017021
 Urban,301,4879,5180,Danubyu,MMR017022
 Rural,1555,38062,39617,Danubyu,MMR017022
 Total,1856,42941,44797,Danubyu,MMR017022
 Urban,528,3764,4292,Pantanaw,MMR017020
 Rural,3657,52328,55985,Pantanaw,MMR017020
 Total,4185,56092,60277,Pantanaw,MMR017020
 Urban,839,8298,9137,Maubin,MMR017019
 Rural,2922,59745,62667,Maubin,MMR017019
 Total,3761,68043,71804,Maubin,MMR017019
 Urban,842,11671,12513,Myaungmya,MMR017014
 Rural,2107,51552,53659,Myaungmya,MMR017014
 Total,2949,63223,66172,Myaungmya,MMR017014
 Urban,366,4939,5305,Wakema,MMR017017
 Rural,2281,59862,62143,Wakema,MMR017017
 Total,2647,64801,67448,Wakema,MMR017017
 Urban,443,2603,3046,Einme,MMR017015
 Rural,1809,41600,43409,Einme,MMR017015
 Total,2252,44203,46455,Einme,MMR017015
 Urban,535,7048,7583,Mawlamyinegyun,MMR017018
 Rural,4069,63234,67303,Mawlamyinegyun,MMR017018
 Total,4604,70282,74886,Mawlamyinegyun,MMR017018
 Urban,459,6744,7203,Labutta,MMR017016
 Rural,2089,45854,47943,Labutta,MMR017016
 Total,2548,52598,55146,Labutta,MMR017016
 Urban,22,479,501,Pyinsalu(ST),MMR017016
 Rural,701,19235,19936,Pyinsalu(ST),MMR017016
 Total,723,19714,20437,Pyinsalu(ST),MMR017016
 Urban,657,4649,5306,Kyangin,MMR017012
 Rural,718,20833,21551,Kyangin,MMR017012
 Total,1375,25482,26857,Kyangin,MMR017012
 Urban,440,4817,5257,Zalun,MMR017009
 Rural,1472,35344,36816,Zalun,MMR017009
 Total,1912,40161,42073,Zalun,MMR017009
 Urban,488,5561,6049,Myanaung,MMR017011
 Rural,1515,52356,53871,Myanaung,MMR017011
 Total,2003,57917,59920,Myanaung,MMR017011
 Urban,20,750,770,Laymyethna,MMR017010
 Rural,704,24770,25474,Laymyethna,MMR017010
 Total,724,25520,26244,Laymyethna,MMR017010
 Urban,1183,18646,19829,Hinthada,MMR017008
 Rural,2362,63938,66300,Hinthada,MMR017008
 Total,3545,82584,86129,Hinthada,MMR017008
 Urban,464,3114,3578,Ingapu,MMR017013
 Rural,1943,51708,53651,Ingapu,MMR017013
 Total,2407,54822,57229,Ingapu,MMR017013
 Urban,661,8485,9146,Tatkon,MMR018003
 Rural,619,41982,42601,Tatkon,MMR018003
 Total,1280,50467,51747,Tatkon,MMR018003
 Urban,485,7761,8246,Zeyarthiri,MMR018001
 Rural,293,17536,17829,Zeyarthiri,MMR018001
 Total,778,25297,26075,Zeyarthiri,MMR018001
 Urban,281,4614,4895,Ottarathiri,MMR018008
 Rural,157,13609,13766,Ottarathiri,MMR018008
 Total,438,18223,18661,Ottarathiri,MMR018008
 Urban,313,9935,10248,Pobbathiri,MMR018005
 Rural,280,17088,17368,Pobbathiri,MMR018005
 Total,593,27023,27616,Pobbathiri,MMR018005
 Urban,2262,12194,14456,Pyinmana,MMR018006
 Rural,634,24573,25207,Pyinmana,MMR018006
 Total,2896,36767,39663,Pyinmana,MMR018006
 Urban,579,5544,6123,Lewe,MMR018007
 Rural,1532,57519,59051,Lewe,MMR018007
 Total,2111,63063,65174,Lewe,MMR018007
 Urban,1831,22891,24722,Zabuthiri,MMR018002
 Rural,8,1590,1598,Zabuthiri,MMR018002
 Total,1839,24481,26320,Zabuthiri,MMR018002
 Urban,35,873,908,Dekkhinathiri,MMR018004
 Rural,99,5990,6089,Dekkhinathiri,MMR018004
 Total,134,6863,6997,Dekkhinathiri,MMR018004
 Urban,285667,2763766,3049433,Dekkhinathiri,MMR018004
 Rural,238846,7589553,7828399,Dekkhinathiri,MMR018004
 Total,524513,10353319,10877832,Dekkhinathiri,MMR018004
